1 14 56 101 102 103 104 105 106 113 114 115 118 120 123 125 126 127 132 134 135 143 148 157 159 162 164 166 167 175 179 188 189 192 200 203 211 212 214 216 221 224 240 255 258 268 270 274 293 294 295 310 324 335 361 366 381 382 512
1 15 46 101 102 103 104 105 111 113 114 119 123 126 127 148 149 153 157 159 162 165 166 179 184 188 189 192 201 203 204 211 213 226 239 257 268 270 275 290 293 326 333 343 346 393 412 461 518
1 18 46 101 103 104 105 111 113 114 119 121 123 125 129 131 132 134 135 143 147 148 150 153 157 163 166 180 195 207 211 222 225 240 255 268 270 272 284 293 310 311 357 391 393 402 479 520 562
1 12 51 101 102 103 104 105 107 111 113 114 115 120 121 123 125 129 130 132 143 148 152 153 158 159 165 179 182 185 188 195 198 200 201 206 211 222 235 239 240 255 266 268 270 277 283 305 309 310 319 340 359 382
1 13 56 101 102 103 104 105 108 111 113 114 115 116 123 125 130 132 134 138 143 148 152 153 157 158 159 162 164 166 182 184 188 189 192 195 198 200 201 203 206 211 214 222 240 253 258 266 285 310 312 324 340 346 359 376 401 446 504
1 16 39 101 102 103 105 111 113 114 115 116 118 123 125 126 129 132 134 138 143 148 149 153 157 162 165 188 195 209 211 225 239 264 268 270 290 296 299 402 446 479
1 19 75 101 1012 102 103 1033 1036 104 105 106 1061 1062 108 1094 1108 111 1123 113 114 115 119 120 123 125 126 129 130 131 134 139 143 147 148 149 150 153 157 160 162 164 165 166 167 174 188 200 203 211 213 220 221 222 225 240 270 284 290 293 295 301 309 321 326 342 344 346 353 359 391 446 449 516 519 555 678 769
1 17 33 101 103 104 106 111 113 123 125 126 129 132 134 143 148 149 161 174 188 200 206 211 212 225 252 270 290 293 296 314 340 362 522 562
2 13 52 101 102 103 104 106 111 113 114 115 116 119 122 123 125 129 132 134 135 143 147 148 153 159 160 164 165 166 171 179 188 189 192 193 201 203 206 211 213 220 230 240 253 255 266 270 295 346 359 388 446 469 494
2 16 44 101 102 105 106 113 117 119 122 123 125 127 131 133 134 135 138 143 147 148 161 165 166 167 186 189 194 195 198 203 219 221 229 240 253 255 258 268 270 278 293 359 362 366 440
2 17 47 101 102 103 104 105 111 113 114 115 118 123 125 126 129 133 134 135 143 148 155 159 160 161 164 165 174 188 189 201 203 206 211 212 240 251 255 275 276 293 359 446 452 472 479 501 518 842
2 18 40 101 103 104 111 113 114 115 119 123 124 126 129 132 134 138 143 147 148 149 151 157 159 165 188 200 203 206 220 240 255 276 299 316 344 437 446 466 514 542 609
2 14 54 101 103 104 106 111 113 114 115 118 119 123 125 127 134 147 148 153 154 158 159 161 164 166 179 184 186 189 192 198 200 201 203 206 211 212 213 221 222 225 226 229 235 243 266 272 280 281 295 310 323 335 357 359 381
2 15 51 101 102 103 104 113 114 119 120 122 123 125 126 127 128 129 130 135 148 149 154 159 161 162 165 166 167 174 189 206 212 213 220 226 253 266 270 275 310 314 324 326 339 340 357 362 376 391 418 446 482 520
2 12 43 101 103 104 106 113 115 116 123 125 132 134 139 143 148 158 159 164 165 172 186 188 198 201 203 213 215 221 226 231 239 255 258 270 277 293 294 337 352 357 361 388 391 393
2 19 57 101 103 1036 1041 1045 105 1058 106 1061 108 111 113 114 115 118 119 120 123 125 126 127 134 143 147 148 153 157 163 165 166 180 188 189 195 200 203 206 211 214 218 220 229 251 258 270 274 284 291 293 299 304 309 312 357 449 479 555
3 19 58 101 102 103 1033 1036 104 1041 1045 105 106 111 113 114 119 120 122 123 125 126 130 134 139 143 147 148 153 157 163 164 166 188 189 193 194 200 213 214 216 225 240 247 255 258 260 264 270 278 284 293 301 310 312 326 340 446 582 609 769
3 13 55 101 102 103 104 106 113 116 119 123 125 126 132 134 138 143 148 153 155 159 161 162 164 166 171 174 182 184 189 192 200 201 203 211 212 220 221 229 239 240 249 253 255 258 266 270 303 324 340 359 361 369 382 391 401 456
3 16 45 101 103 104 106 111 113 114 115 116 118 120 123 126 129 130 131 134 135 136 162 163 164 166 167 180 192 198 200 203 206 211 214 218 220 221 229 247 248 255 293 310 326 361 381 800
3 17 32 101 104 105 106 113 114 118 122 123 125 126 131 134 143 149 152 157 161 163 166 188 200 203 213 220 229 276 310 323 359 376 479
3 15 48 101 102 103 104 105 113 114 116 118 119 122 123 125 127 129 133 134 143 159 161 162 165 166 188 192 199 203 212 213 219 220 221 224 243 253 261 268 270 284 295 317 362 381 401 471 524 531 645
3 18 42 101 103 104 111 113 114 115 119 120 122 123 126 129 132 134 135 143 148 157 159 161 164 166 174 180 200 203 211 212 213 229 231 240 255 256 270 284 293 310 446 499 516
3 14 59 101 102 103 104 106 111 113 114 115 119 120 123 127 129 134 135 138 143 147 148 149 153 157 159 161 164 166 182 188 189 198 203 205 206 211 212 213 214 221 225 229 231 239 243 247 258 261 266 268 270 281 293 295 310 334 335 362 368 412
3 12 49 101 102 103 104 111 113 116 118 119 123 125 132 134 143 148 149 152 154 159 161 166 182 198 211 213 220 239 253 258 260 266 268 270 278 284 292 293 299 305 310 332 345 346 361 385 406 423 430 449
4 13 52 101 102 103 104 105 106 108 111 113 114 116 120 123 125 135 143 147 148 149 153 157 159 161 162 164 166 169 179 188 198 200 201 203 206 211 212 213 214 221 222 231 235 240 270 295 340 344 359 362 382 392 438
4 16 53 101 102 103 105 106 111 113 114 115 120 121 123 125 127 134 135 143 148 157 161 164 166 175 186 194 195 198 200 203 206 211 213 214 224 225 246 257 258 268 270 276 277 293 310 362 391 393 418 452 461 482 486 522
4 12 37 101 102 103 105 111 113 114 115 117 120 123 125 126 129 138 148 157 159 161 162 164 166 169 206 211 213 221 222 239 253 270 271 310 358 373 412 429
4 15 64 101 102 103 104 106 111 113 114 115 120 122 123 125 126 127 134 135 141 143 148 149 153 158 159 160 161 164 166 167 179 188 189 192 200 201 203 204 212 213 214 221 225 226 243 252 255 274 277 286 295 310 313 317 324 333 340 344 362 414 437 452 482 526 540
4 18 41 101 102 103 1032 104 105 111 114 116 119 123 134 143 147 148 149 153 157 161 164 166 174 180 189 200 203 205 211 214 225 255 264 293 309 310 323 326 362 368 390 472
4 17 37 101 102 103 105 106 111 113 115 119 123 134 139 145 148 159 161 166 188 198 200 202 203 212 213 215 224 225 258 275 309 310 313 323 344 446 449 472
4 19 61 101 102 103 1033 104 1041 1045 105 106 1061 1090 1119 113 114 115 1162 118 119 120 122 123 126 133 134 135 141 143 148 153 157 163 165 166 188 189 198 201 203 204 206 210 212 213 214 243 253 268 284 293 326 334 362 433 449 463 504 516 522 555 582 921
4 14 57 101 102 103 104 105 106 111 113 114 115 120 122 123 125 126 134 143 148 149 153 159 161 162 165 166 169 170 188 192 201 203 206 211 212 221 223 239 251 253 255 266 268 270 277 284 323 326 344 355 368 373 381 393 424 461 471 482
5 12 37 101 102 103 104 105 106 113 115 116 121 122 123 125 127 129 133 134 143 148 159 162 186 189 198 206 211 222 247 253 255 270 280 293 310 340 361 395
5 14 66 101 102 103 104 105 106 108 111 113 114 115 119 120 123 125 126 127 129 133 134 135 138 143 147 148 157 159 161 164 165 166 174 179 188 189 192 193 200 201 203 210 211 212 215 220 221 225 229 243 251 255 258 266 270 274 280 284 286 295 310 316 324 340 361 362 516
5 19 67 101 102 1029 103 1033 1036 1041 1043 1045 105 1083 111 1113 113 114 115 119 123 124 125 126 132 133 134 139 142 143 147 148 149 152 153 157 158 164 166 167 182 188 189 199 203 206 211 212 216 220 225 232 252 256 268 270 276 284 293 309 314 330 342 357 391 446 468 476 479 769
5 13 50 101 102 103 104 105 107 113 114 116 117 123 129 133 134 143 148 157 159 165 166 179 188 192 198 200 201 203 210 211 213 221 235 240 249 255 258 266 268 276 284 287 293 295 340 359 391 398 423 470 506
5 16 31 101 102 103 104 113 114 123 126 127 131 134 153 157 162 165 166 188 194 198 200 207 211 240 258 270 284 293 357 359 465 528
5 17 32 101 102 103 104 105 111 113 114 116 123 125 129 130 132 133 134 143 148 149 153 157 165 166 189 211 240 242 270 316 359 493 545
5 18 43 101 103 104 105 111 113 118 119 123 125 129 130 132 134 143 147 148 153 157 164 165 166 174 189 200 201 211 221 243 254 255 260 268 276 309 326 359 391 402 461 480 514 940
5 15 48 101 102 103 105 106 111 113 115 118 123 125 126 127 132 135 136 143 148 157 159 164 165 166 178 179 188 189 201 203 207 211 243 266 268 270 272 276 293 309 310 345 358 361 452 457 469 518 539
6 13 57 101 102 103 104 111 113 115 116 118 120 122 123 125 127 132 134 143 147 148 153 157 159 161 162 164 166 167 169 171 188 189 198 199 203 207 211 213 214 221 225 240 253 255 266 272 294 310 317 340 359 361 373 382 391 395 469 475
6 16 43 101 102 103 104 105 106 111 113 114 115 116 123 125 126 129 133 134 143 148 157 158 161 165 188 195 198 203 211 212 220 226 229 258 275 284 285 293 310 359 446 517 532 883
6 14 66 101 103 104 105 106 111 113 114 115 118 119 120 122 123 125 127 131 134 138 139 143 147 148 154 157 159 160 161 162 166 182 186 188 189 193 200 201 203 204 206 211 212 213 214 221 225 226 229 252 253 255 266 268 270 280 310 317 326 335 344 357 392 395 443 460 515
6 17 49 101 102 103 105 106 111 113 115 123 125 126 131 132 133 134 143 148 153 158 161 164 165 166 167 185 189 194 201 203 205 206 211 212 214 220 225 229 251 255 268 293 310 326 349 352 362 389 472 479
6 19 63 1000 101 102 103 1045 105 1058 106 1061 1067 1108 111 113 114 115 116 119 120 123 125 129 130 132 134 135 139 142 143 148 153 157 158 159 162 165 166 188 198 203 209 210 213 214 218 220 240 247 253 256 270 278 293 298 317 326 334 391 446 514 519 555 609 769
6 15 61 101 102 103 104 105 111 113 116 119 123 125 126 127 128 129 134 138 143 145 148 153 157 158 161 162 164 165 174 188 189 193 198 200 201 203 204 206 207 211 212 213 214 226 240 252 260 266 284 310 316 317 324 326 334 350 361 368 441 452 482 518
6 12 46 101 102 103 104 105 108 111 113 115 123 125 126 129 134 135 143 144 148 159 161 162 164 166 169 184 188 189 210 211 213 215 253 256 258 261 268 292 293 304 310 315 340 359 368 431 465
6 18 37 101 103 1031 104 105 106 111 118 120 123 126 143 148 153 158 159 161 164 188 189 203 204 218 229 240 255 270 274 275 284 293 296 333 359 389 395 514
7 16 46 101 102 103 104 105 106 111 113 115 122 123 125 127 129 131 133 134 135 143 149 153 161 164 166 167 178 179 189 195 203 206 211 212 221 250 255 268 293 310 352 357 390 446 457 479 880
7 17 31 101 103 104 105 106 111 113 114 123 126 147 153 157 161 165 166 188 189 193 194 199 203 206 211 220 258 293 310 315 357 446
7 19 57 101 102 103 1033 1035 1036 104 1041 1045 105 106 1061 1076 1119 113 114 116 118 119 120 123 134 139 143 147 148 153 157 163 165 166 174 189 201 203 212 213 216 220 225 229 239 255 278 284 286 293 306 323 326 362 372 391 412 446 503 555
7 13 59 101 103 104 105 111 113 114 115 118 119 122 123 125 129 132 134 144 147 148 154 159 160 161 165 166 167 171 180 203 205 207 209 211 212 215 216 221 225 235 239 240 264 272 277 284 287 295 310 316 324 326 334 340 351 369 388 399 452 505
7 14 59 101 103 104 105 106 111 113 114 115 119 120 122 123 126 127 132 134 141 143 148 152 153 157 159 161 162 164 165 166 169 189 200 201 203 204 205 207 211 213 226 229 243 255 270 276 280 284 299 310 324 335 337 340 357 361 368 376 382 481
7 18 42 101 102 103 104 105 106 111 113 114 116 118 119 120 123 125 130 134 143 148 149 161 163 165 166 167 184 188 189 200 203 211 213 225 251 255 258 270 293 309 326 369 458
7 15 53 101 102 103 104 105 106 111 113 114 115 118 120 122 123 125 127 132 134 135 139 143 148 159 161 164 184 189 192 199 200 201 203 205 207 211 214 220 221 222 226 229 243 248 269 277 285 286 293 324 357 381 457 480
7 12 51 101 103 104 106 111 113 114 120 123 125 129 132 143 148 152 159 161 162 163 165 181 182 189 193 198 204 205 206 211 220 221 224 226 231 239 245 253 255 258 266 270 283 295 309 310 326 335 368 388 391 449
8 13 53 101 102 103 105 106 113 114 115 117 118 119 120 122 123 125 129 130 134 138 143 147 148 149 153 157 159 164 166 188 189 198 200 203 206 211 213 214 224 225 226 240 266 270 272 300 310 326 334 340 343 347 359 369
8 19 65 101 103 1033 1035 1036 104 1045 105 1058 108 1085 1094 111 1112 113 114 119 120 122 123 125 129 133 134 135 143 147 148 149 151 153 157 161 163 165 166 174 182 188 189 200 203 206 208 213 214 220 222 225 238 249 270 276 284 293 334 342 357 362 375 411 446 541 555 769
8 14 70 101 102 103 105 106 113 114 115 117 118 120 122 123 125 127 129 132 134 135 138 142 143 148 152 153 157 159 164 165 166 174 184 188 189 190 192 199 200 201 203 206 208 211 212 213 221 225 229 264 268 280 284 286 293 299 305 310 313 317 324 337 339 344 350 357 375 382 390 461 515
8 16 37 101 103 104 105 113 115 119 122 123 129 131 134 143 148 153 157 162 164 165 166 182 188 189 211 212 213 221 226 240 249 258 272 274 293 297 310 326
8 15 44 101 103 104 105 106 111 113 118 119 120 122 123 124 125 127 130 134 135 143 148 153 157 159 164 165 166 181 184 189 194 200 203 211 220 229 243 268 310 344 368 381 402 452 531
8 12 51 101 102 103 104 105 108 111 113 120 122 123 125 126 132 133 134 143 147 148 153 157 159 162 174 180 185 188 189 200 201 203 211 212 213 221 222 247 253 255 268 270 280 293 294 303 310 340 352 362 437 447
8 17 35 101 102 103 104 105 111 113 114 115 120 121 123 126 132 134 142 148 153 163 165 166 174 188 200 206 211 220 225 256 268 270 275 295 316 373
8 18 39 101 103 104 105 111 113 119 123 125 129 134 136 143 147 148 149 153 157 165 166 174 188 198 200 203 210 212 213 220 221 225 240 276 284 293 391 446 449 480
9 12 41 101 102 103 104 106 113 114 117 122 123 125 126 132 134 141 143 144 148 158 159 162 164 165 166 181 188 189 192 200 207 249 253 254 258 268 270 272 277 283 305 451
9 15 49 101 102 103 104 105 113 115 123 125 126 127 129 134 138 143 148 153 157 159 161 164 165 166 188 194 198 201 204 211 221 229 253 255 264 266 270 272 276 286 299 302 310 317 326 359 361 376 381 472
9 16 34 101 103 105 111 113 117 119 123 135 138 141 148 149 153 155 157 165 166 174 179 180 181 194 214 222 252 270 310 334 340 411 414 435 482
9 18 43 1003 101 103 104 105 106 113 114 119 120 121 122 123 125 129 131 132 134 135 142 148 149 153 161 165 166 174 189 200 206 211 222 225 240 270 293 310 313 334 362 369 391 446
9 17 28 101 103 104 105 111 113 121 125 126 129 143 148 157 161 166 189 209 211 213 214 225 268 290 293 359 472 479 510
9 14 54 101 103 105 106 111 113 114 115 119 120 122 123 125 127 134 135 138 143 147 148 159 162 164 166 180 182 188 189 193 195 199 203 206 211 212 213 214 225 226 229 240 252 255 270 272 284 286 294 340 359 381 447 476 501
9 13 53 101 102 103 105 113 114 115 122 123 125 132 134 135 143 147 148 153 157 159 162 164 166 174 179 180 184 188 195 198 200 201 203 206 210 211 212 214 229 230 239 245 255 258 270 276 281 294 303 345 359 376 399 466
9 19 52 101 103 1033 1036 104 1041 1045 1067 1077 1079 108 113 114 1189 119 123 125 132 134 139 142 143 148 149 150 153 157 160 163 166 188 200 203 206 211 214 216 246 251 256 280 284 293 357 391 406 446 449 516 519 675 769
10 12 58 101 103 104 105 106 111 113 114 115 116 118 119 123 125 126 129 132 143 152 153 159 161 162 166 169 171 174 188 189 199 200 201 213 219 220 224 225 231 232 253 255 256 258 268 270 274 277 293 309 324 358 359 369 393 406 412 441 446
10 14 73 101 102 103 104 105 106 111 113 114 115 116 118 119 120 122 123 125 127 134 135 138 143 148 151 153 157 159 161 164 165 166 169 180 181 184 186 188 189 192 198 200 203 204 211 212 214 220 221 225 229 240 248 266 268 272 280 292 293 294 295 300 303 310 334 335 338 351 393 394 446 461 473 518
10 15 43 101 102 103 104 106 111 113 115 116 118 120 122 123 125 126 127 131 134 139 143 148 153 159 164 166 184 189 192 198 200 203 206 211 212 213 214 229 235 261 268 362 479 562
10 18 36 101 102 103 104 105 106 114 118 120 123 124 132 134 135 143 147 148 157 162 164 166 167 174 182 189 203 204 211 214 225 255 260 272 326 344 897
10 19 51 101 102 103 1033 1036 1045 105 1058 1061 1067 1077 113 114 1140 116 1166 120 123 125 126 127 129 131 134 143 148 153 157 165 166 167 188 189 201 203 209 214 216 224 256 258 268 283 284 304 309 326 375 449 555 970
10 13 58 101 102 103 104 111 113 116 118 119 120 123 125 127 129 132 134 135 141 143 144 148 152 153 157 159 160 161 166 171 174 189 199 200 201 203 206 211 212 213 215 219 231 239 253 255 266 270 272 281 326 334 340 359 361 395 450 456 457
10 16 55 101 102 103 105 106 111 113 114 116 118 119 123 125 126 127 129 133 135 138 148 159 161 164 166 169 181 188 189 198 203 206 207 211 212 213 219 221 225 248 252 261 264 270 277 293 294 310 338 359 361 362 381 418 446 479
10 17 43 101 102 103 104 105 111 113 114 123 126 129 130 133 135 142 143 147 148 149 155 159 161 163 166 167 174 189 200 201 203 211 216 220 238 255 275 294 310 314 326 391 472 479
11 12 45 101 102 103 104 111 113 114 118 119 123 125 126 132 134 143 148 159 161 162 164 169 174 189 193 200 201 211 213 223 229 239 264 268 270 284 293 310 313 317 340 352 382 385 391 406
11 16 37 101 103 106 113 114 118 123 134 139 143 148 161 165 166 167 189 194 203 211 213 219 220 223 240 246 252 270 275 293 309 310 339 361 418 479 495 863
11 17 44 101 102 103 105 106 111 113 114 123 125 126 133 139 143 147 148 149 159 161 166 179 186 188 189 200 203 211 219 220 225 247 255 269 270 271 293 310 314 362 390 391 446 479 495
11 13 60 101 103 104 113 114 115 116 118 120 123 125 127 129 132 134 143 148 149 153 159 161 162 164 166 169 171 180 189 200 201 203 205 207 211 212 213 215 220 221 222 225 230 235 237 239 240 245 255 264 270 272 295 302 340 359 361 382 388 391 446
11 14 59 101 103 104 111 113 114 115 119 120 122 123 125 126 127 129 130 132 134 135 143 147 148 153 159 160 161 163 164 165 166 171 179 189 192 198 200 201 203 211 212 213 220 225 246 247 251 264 268 272 274 280 286 310 335 340 359 362 449 456
11 19 56 101 102 103 1036 104 1041 1045 105 106 1060 1061 1090 1119 1124 113 114 1141 115 1158 1161 119 120 122 123 125 126 134 143 144 148 153 157 162 163 165 166 188 189 200 203 211 212 213 220 240 255 268 278 284 312 323 362 366 446 449 514
11 18 48 101 1012 102 103 105 111 113 114 115 118 120 123 125 126 132 134 143 148 155 157 159 161 162 163 165 166 167 188 189 194 203 211 214 219 221 229 240 258 270 275 293 304 309 313 323 326 457 479
11 15 62 101 102 103 104 105 111 113 114 116 119 120 122 123 125 127 129 132 134 135 143 148 159 161 162 164 166 174 186 188 189 201 206 211 212 213 220 221 225 232 237 245 249 259 261 268 270 272 276 283 293 299 310 316 326 359 362 391 423 449 472 482 541
12 13 54 101 102 103 104 111 113 114 116 118 119 122 123 125 134 135 138 143 147 154 159 161 162 164 165 166 181 186 189 192 201 203 207 211 212 213 214 221 228 229 240 249 253 255 261 268 270 272 281 294 295 345 359 361 446
12 17 39 101 102 103 105 106 113 114 122 123 129 133 134 143 148 149 152 153 161 164 165 166 167 188 189 193 198 203 220 221 225 276 293 309 310 326 361 362 372 510
12 19 56 101 102 103 1036 1041 105 1060 111 113 114 115 116 119 120 122 123 125 130 134 142 143 147 148 153 157 165 166 174 189 195 200 201 203 206 208 212 214 216 220 224 240 255 261 270 275 284 293 295 304 323 432 446 510 555 609 769
12 18 45 101 102 103 104 105 106 113 114 116 118 123 126 132 142 143 148 153 157 159 163 165 166 167 174 188 189 201 203 204 206 211 225 240 248 255 258 270 272 275 293 301 309 310 346 359
12 14 76 101 102 103 104 106 111 113 114 115 116 118 119 120 123 125 126 127 134 135 142 148 151 153 154 157 159 161 162 164 165 171 179 184 185 188 189 190 200 201 203 206 207 211 212 213 215 220 221 225 229 231 235 255 256 270 286 293 294 303 310 313 316 324 335 339 357 359 361 423 446 457 469 488 515 517 518
12 16 38 101 103 105 106 111 113 114 115 118 123 129 134 138 148 159 160 165 166 167 171 177 189 194 195 198 200 203 211 220 229 255 270 310 390 391 446 479 518
12 15 47 101 103 104 106 111 113 114 119 123 125 127 129 132 134 135 148 159 161 174 189 194 195 201 203 204 211 213 218 219 221 223 229 237 256 258 270 276 293 295 302 323 344 355 437 452 482 530
12 12 47 101 103 104 108 111 113 114 115 122 123 125 126 127 129 134 135 138 141 148 158 159 161 162 164 169 186 189 193 198 200 201 207 211 212 220 221 225 247 253 255 268 270 283 293 337 376 423
13 14 61 101 102 103 104 106 111 113 114 115 116 118 120 123 126 127 129 130 134 135 143 148 153 159 162 164 171 174 179 188 189 198 200 203 204 206 208 210 212 214 226 237 239 243 246 253 255 261 268 270 272 276 280 285 286 295 310 324 332 334 335 411
13 13 52 101 103 104 105 111 113 115 117 118 119 123 125 126 127 128 129 138 143 147 148 153 159 164 165 166 188 189 193 195 200 201 203 211 212 213 221 231 239 240 247 249 255 264 270 277 310 312 316 324 361 469 492
13 19 49 101 102 103 1033 1036 104 1045 105 1061 1076 1090 113 119 120 122 123 126 129 132 134 142 143 147 148 153 157 165 166 167 174 188 198 200 203 209 214 230 240 255 270 293 304 312 344 353 359 457 555 769
13 17 34 101 102 103 105 106 111 115 116 123 126 129 134 143 147 153 155 165 166 189 203 206 229 248 255 258 266 272 277 293 310 359 423 499 562
13 12 49 101 103 104 111 113 114 115 116 122 123 125 127 129 134 147 148 153 159 161 164 165 166 184 200 201 204 207 211 220 221 222 225 226 240 253 255 268 270 272 295 347 352 358 359 360 362 382 391 449
13 15 58 101 102 103 104 105 111 113 115 116 119 120 122 123 125 127 132 133 134 135 149 153 159 161 163 169 174 189 198 199 200 201 203 211 212 220 221 237 243 247 249 258 268 270 272 277 295 303 310 324 335 351 361 381 391 393 472 499 531
13 16 36 101 106 111 113 115 116 117 123 129 134 143 147 149 162 163 166 189 194 203 211 212 213 220 221 253 255 268 270 293 319 323 381 382 393 452 472
13 18 45 101 102 103 104 105 111 113 114 123 126 132 133 134 143 148 153 157 159 163 166 167 178 186 188 189 211 212 213 214 240 255 260 268 270 284 293 301 310 324 326 359 362 449 479 668
14 17 14 101 102 105 120 134 136 163 207 212 268 293 310 449 924
14 16 9 101 113 119 127 134 148 393 482 531
14 18 12 101 105 134 153 188 213 255 368 440 472 514 516
14 15 11 101 102 126 127 238 309 310 344 457 482 531
15 13 51 101 103 104 111 113 115 116 123 125 127 129 132 134 148 149 159 161 164 166 171 180 182 188 189 195 200 201 206 211 212 220 221 239 240 249 253 267 268 270 272 295 313 317 326 340 368 390 456 473 475 477
15 17 54 101 103 104 105 106 113 114 118 119 120 123 125 129 134 139 143 147 148 149 153 161 163 165 166 167 174 186 189 194 196 198 200 203 206 211 213 224 255 264 266 268 270 293 309 310 314 326 334 362 432 446 472 479 482
15 12 50 101 102 103 104 105 113 114 123 125 126 129 132 143 148 157 159 160 161 164 165 171 174 179 188 189 200 201 206 211 225 229 231 249 253 255 268 270 272 276 293 295 309 317 340 355 359 361 388 391 395
15 19 57 101 102 103 1033 1036 104 1041 1045 105 106 1064 1076 111 113 114 115 119 120 122 123 126 134 139 142 143 147 148 153 166 189 200 203 206 213 221 225 229 240 256 258 272 278 293 312 317 357 362 377 430 449 465 507 545 555 609 769 981
15 14 61 101 103 104 106 111 113 123 125 126 127 129 132 135 148 149 153 159 160 161 162 164 166 171 174 188 189 192 193 194 201 203 204 205 211 212 214 215 221 225 229 243 249 253 258 268 270 272 276 285 293 304 324 334 335 340 361 362 393 411 462 514
15 15 42 101 103 104 111 113 116 120 122 123 125 126 127 135 138 143 164 166 174 182 189 203 211 215 235 237 238 248 253 255 258 270 293 295 302 303 314 317 335 358 381 393 394
15 16 43 101 102 103 105 106 111 113 114 123 125 126 129 134 143 148 162 163 165 166 174 189 201 203 211 213 218 229 255 270 293 303 324 335 340 359 369 381 393 442 446 447 472 863
15 18 51 101 102 103 104 105 106 111 113 118 120 123 125 126 129 132 134 139 143 147 148 153 157 158 165 166 188 189 200 206 207 211 212 214 219 221 225 230 240 255 268 270 272 295 309 323 326 334 446 495 514 524
16 18 45 101 103 104 105 106 113 114 115 118 119 120 123 126 129 134 135 143 148 150 153 157 161 164 166 167 174 181 188 189 209 211 216 240 255 276 283 284 293 303 309 323 326 359 480 609
16 19 56 1000 101 103 1033 1036 104 1045 105 1061 1073 1076 108 113 114 120 123 125 126 130 134 143 147 148 149 153 157 163 165 166 167 188 189 200 203 206 209 213 214 229 240 247 251 258 270 272 287 293 316 326 357 359 362 449 506 555 769
16 16 34 101 103 104 105 106 111 113 123 125 135 143 148 157 158 161 162 165 166 189 201 203 218 221 229 255 275 290 293 295 361 382 391 418 774
16 14 55 101 102 103 104 106 111 113 114 116 118 119 122 123 125 127 132 134 138 143 148 153 157 159 164 166 180 188 189 192 193 201 203 204 207 208 211 212 215 221 226 229 240 268 270 272 295 309 310 324 335 340 359 473 520 531
16 17 47 101 103 104 105 106 111 113 114 115 118 119 123 125 126 130 133 134 145 147 153 157 161 165 166 167 174 189 194 201 203 213 220 226 229 255 268 280 284 293 309 310 326 338 382 391 446 514
16 12 38 101 103 104 113 115 116 117 123 125 126 127 129 143 148 153 159 161 162 164 166 171 180 188 189 200 211 213 231 240 268 283 293 317 340 346 373 461 468
16 15 48 101 102 103 104 105 111 113 114 115 116 118 122 125 127 128 134 135 138 143 148 153 159 161 162 164 174 189 194 198 200 203 207 212 218 220 221 226 229 253 266 268 286 299 310 324 344 357 469
16 13 47 101 103 104 105 106 111 113 120 123 125 130 134 135 143 147 157 159 161 162 164 166 181 186 189 192 193 198 200 201 203 211 212 214 225 268 270 294 295 382 391 401 408 441 447 461 469 470
19 14 56 101 103 104 105 111 113 114 119 123 125 127 133 134 135 143 148 153 157 159 163 164 166 167 186 189 192 193 201 203 206 208 211 212 213 214 220 221 226 229 237 239 243 250 259 277 280 293 303 306 326 334 335 346 368 369 391
19 18 47 101 102 103 104 105 111 113 118 119 123 126 129 134 143 147 148 149 153 157 158 159 162 164 166 167 189 193 200 203 213 220 221 224 225 229 255 293 296 299 309 357 391 456 466 479 516 981
19 15 41 101 103 104 113 114 115 116 118 120 122 123 125 127 129 134 148 153 158 159 161 164 186 189 193 198 201 206 220 228 240 243 270 293 301 302 344 345 381 408 452 629
19 16 47 101 102 103 113 119 122 123 125 127 129 132 134 138 143 148 153 161 163 164 165 166 167 171 177 185 189 194 198 200 201 203 212 213 224 229 240 255 270 275 284 293 310 359 381 452 457 472
19 13 50 101 102 103 104 105 111 113 116 119 120 123 125 130 134 143 147 148 153 159 162 164 165 166 174 180 189 192 193 201 203 206 211 221 225 231 239 253 261 266 268 272 294 295 310 361 362 369 401 441 495
19 17 41 101 102 103 104 105 108 111 113 114 123 125 126 131 132 134 143 147 148 153 157 161 163 164 166 188 189 194 200 203 206 211 245 255 272 293 310 391 408 479 497 963
19 12 48 101 103 111 113 115 118 119 122 123 125 129 132 134 147 148 159 162 164 169 188 189 193 198 199 200 203 204 211 212 213 221 222 224 225 229 231 239 249 255 268 305 309 319 324 337 385 391 406
19 19 50 1000 101 103 1033 1036 104 1041 1045 105 106 1061 1105 113 114 123 126 134 143 147 148 153 157 163 165 166 188 189 194 201 203 212 213 214 216 229 243 255 270 284 293 304 311 312 323 326 344 357 555 609 769
20 16 53 101 102 103 104 105 106 111 113 116 118 123 126 127 129 133 134 135 138 143 147 148 149 153 157 161 162 163 165 166 189 194 203 219 221 249 263 264 266 268 270 293 295 305 310 338 359 362 376 402 438 479 504 530
20 14 58 101 102 103 106 111 113 114 115 119 122 123 125 127 130 134 135 138 143 148 157 159 161 162 164 165 166 181 188 189 198 201 211 214 220 221 226 229 243 258 266 268 270 284 286 293 295 303 310 324 334 337 340 359 360 382 401 522 531
20 18 37 101 102 103 104 105 111 113 115 118 120 123 126 132 143 159 161 164 166 188 189 193 203 209 211 213 240 245 255 258 270 284 301 359 362 457 479 981
20 13 53 101 102 103 104 105 113 114 115 116 122 123 125 127 129 132 143 147 148 154 157 158 159 161 163 165 166 169 171 184 188 189 192 200 201 211 212 226 232 235 240 255 266 270 272 293 295 309 324 325 333 411 412 494
20 12 55 101 102 103 104 113 115 120 123 125 126 127 129 132 134 135 143 147 148 149 153 159 161 162 165 169 182 186 194 198 201 204 207 222 225 231 253 263 268 270 280 286 293 294 316 324 344 361 368 391 412 417 418 449 455 456
20 15 56 101 103 104 106 111 113 114 118 119 120 122 123 125 127 130 133 134 135 138 147 153 157 159 161 162 164 165 180 186 192 194 201 203 204 211 212 213 220 221 232 243 255 258 264 270 272 278 286 293 295 299 302 310 324 367 472
20 19 64 101 102 103 1033 1041 1045 105 106 1061 1078 111 113 1133 114 115 117 118 120 123 125 126 129 133 134 135 136 143 144 147 148 157 163 165 166 174 188 189 195 201 203 206 213 214 216 220 221 229 240 246 255 256 264 268 270 295 299 304 317 326 359 399 507 519 769
20 17 47 101 103 105 106 111 113 119 123 126 128 131 135 143 147 148 149 157 159 161 164 165 166 167 179 188 189 201 203 209 213 220 229 252 254 255 268 270 309 310 319 333 361 362 390 479 562 764
21 12 45 101 102 103 104 111 113 115 116 123 125 126 139 143 148 149 153 159 161 163 166 180 186 188 200 201 205 211 212 220 221 223 225 240 258 268 270 293 304 317 324 340 358 361 418 459
21 13 46 101 102 103 111 113 114 116 120 122 123 125 134 143 148 157 159 161 162 166 169 186 189 195 200 203 206 211 213 221 229 240 255 260 261 266 270 272 316 346 361 381 391 399 424 446 452
21 14 61 101 102 103 104 106 111 113 114 115 119 123 125 127 128 129 133 134 135 143 148 153 157 159 164 174 182 186 198 200 203 204 210 211 212 213 214 220 221 226 228 237 239 240 243 252 253 264 268 270 275 280 281 284 286 293 334 340 343 393 514 532
21 15 44 101 103 104 113 114 120 123 125 126 127 134 135 143 148 149 152 157 163 165 167 171 188 193 201 203 208 212 220 226 229 243 255 264 270 277 281 295 302 335 338 345 361 368 469
21 19 56 101 102 103 104 1045 105 106 1061 1073 1078 1083 1127 113 1131 1135 114 115 119 120 123 125 126 134 143 144 147 148 153 154 157 158 163 165 166 181 188 189 194 195 198 201 203 209 211 213 220 247 256 270 293 326 357 375 516 555 769
21 16 42 101 102 103 105 106 113 116 123 125 126 127 134 135 139 143 147 148 149 157 158 165 166 167 186 189 198 200 201 203 207 213 226 253 255 258 266 268 310 361 381 449 493
21 17 37 101 103 104 105 106 111 113 114 118 123 126 129 130 133 134 147 148 157 159 163 165 166 167 174 188 200 201 203 212 213 224 258 268 293 310 382 446
21 18 37 101 102 103 113 118 120 123 125 126 134 143 147 148 149 163 164 165 166 186 188 189 200 203 204 211 213 214 225 238 240 256 258 272 284 293 326 981
22 13 52 101 102 103 104 105 106 111 113 115 123 125 129 138 143 148 153 154 157 159 164 165 171 174 179 182 188 189 198 199 201 203 211 212 216 226 235 239 240 256 266 270 272 276 282 290 295 318 324 332 361 446 494
22 18 48 101 102 103 104 105 106 111 113 114 115 116 118 123 125 127 129 130 132 133 134 143 147 148 153 157 158 164 165 166 186 188 189 204 212 213 216 220 222 240 255 270 275 284 301 309 310 389 485
22 16 35 101 102 103 105 106 111 113 115 123 125 127 129 134 135 143 164 165 166 188 189 198 203 211 212 220 255 266 293 357 362 441 446 472 500 519
22 19 67 101 102 103 1033 1036 104 1041 1045 1061 111 1123 113 114 115 118 119 123 125 126 133 134 135 143 148 153 157 163 165 166 167 188 195 198 199 200 201 203 206 213 216 220 224 229 240 255 256 258 268 270 272 281 290 293 299 304 326 381 446 472 476 481 495 501 516 533 555 981
22 17 52 101 102 103 104 105 106 111 113 114 115 116 118 119 123 126 129 133 134 135 148 149 153 157 159 165 166 167 174 179 188 189 203 206 207 210 212 213 220 238 251 255 268 276 284 293 309 346 357 376 402 472 479
22 12 46 101 102 103 108 111 113 114 115 116 123 125 126 129 135 141 143 148 149 159 164 166 167 174 189 201 203 204 206 211 220 225 231 255 264 270 284 293 295 297 310 359 372 395 399 411 462
22 14 62 101 102 103 104 113 115 119 123 125 127 130 132 134 135 138 148 153 159 162 164 166 171 179 181 188 189 192 193 199 200 201 203 206 211 212 213 214 220 221 229 235 266 272 280 281 286 293 294 310 317 335 340 344 350 355 357 362 366 393 395 452 462
22 15 53 101 103 104 111 113 114 115 118 119 123 125 127 132 135 143 148 165 166 184 194 201 203 204 218 221 226 229 242 251 264 268 270 272 276 285 310 316 323 326 335 338 339 340 344 346 359 368 372 418 452 522 545 678
23 18 40 101 103 1033 104 105 106 111 113 114 118 125 126 129 132 133 134 135 138 143 147 148 157 164 174 188 198 206 211 214 255 256 268 270 272 293 295 309 352 362 446
23 12 50 101 102 103 104 105 106 111 113 115 118 122 123 125 129 132 133 134 143 144 147 148 152 157 166 167 188 189 200 201 206 210 211 214 237 240 253 255 267 268 270 285 316 340 344 361 382 406 412 414 428
23 16 31 101 102 103 104 111 113 123 126 131 132 134 135 143 144 148 149 150 157 166 188 201 205 206 211 213 270 289 310 314 351 402
23 17 40 101 102 103 105 111 113 114 120 123 126 127 129 130 131 132 135 143 148 165 166 186 188 200 205 206 210 212 220 225 247 270 275 293 309 314 362 393 433 514 970
23 13 45 101 102 103 104 105 111 113 114 115 123 125 129 130 147 148 153 157 159 162 165 166 167 180 181 184 189 192 200 201 203 206 210 211 212 213 220 235 239 240 266 293 303 373 441 451
23 19 55 101 102 103 1033 1036 104 1041 1045 105 106 1073 1083 111 113 119 120 121 123 125 126 129 130 132 134 143 148 149 153 157 162 166 174 189 200 201 203 216 220 222 225 254 255 270 276 283 284 294 296 309 310 323 376 391 555 769
23 15 38 101 103 105 106 113 114 116 122 123 125 127 134 135 143 148 149 157 166 189 200 201 211 212 213 221 226 239 248 256 272 293 369 394 408 447 495 506 668
23 14 51 101 103 104 105 111 113 114 115 122 123 125 126 127 129 132 143 148 152 153 157 159 164 165 166 174 181 182 188 189 192 201 203 211 212 220 226 240 243 266 270 292 293 332 334 361 377 390 402 424 450 519
24 12 48 101 103 104 105 113 114 123 125 135 138 143 144 148 153 159 162 164 165 169 171 174 181 188 189 198 200 201 206 211 213 214 215 219 220 222 225 239 248 253 270 276 293 294 301 305 317 340 352
24 13 58 101 103 104 106 113 114 116 118 119 123 125 129 132 134 138 143 148 153 154 159 164 165 171 174 189 192 198 201 203 206 211 213 221 225 226 235 239 240 255 256 266 268 270 272 275 283 295 309 317 340 369 393 401 408 423 446 487 503
24 14 68 101 102 103 104 105 106 111 113 114 115 120 123 125 126 127 129 134 136 138 143 147 148 149 159 161 164 165 166 179 188 189 192 194 200 201 203 206 207 208 211 213 219 220 221 222 225 239 240 252 253 255 270 275 277 280 284 293 303 310 334 340 362 389 401 422 446 456 481
24 15 50 101 103 104 105 106 111 113 120 122 123 127 133 134 135 138 148 159 162 163 164 166 167 174 184 189 192 194 198 200 203 206 211 226 235 239 268 276 285 302 340 344 345 352 381 395 412 457 482 531 532
24 19 48 1000 101 102 103 1033 1036 1041 1045 105 106 1061 1078 111 113 114 115 1153 116 123 126 129 134 143 144 148 157 163 166 180 188 200 211 214 220 229 240 256 264 270 276 278 357 362 381 495 514 555 769
24 16 42 101 102 103 104 106 111 113 120 123 125 129 133 134 139 143 148 150 157 159 161 163 166 174 180 189 203 219 221 226 255 270 286 326 344 359 361 376 381 402 446 472 609
24 18 44 101 103 106 111 113 114 118 123 129 135 138 147 148 149 152 153 157 162 165 166 180 188 189 194 201 210 211 212 214 218 229 240 247 255 270 293 304 309 310 335 357 437 473 522
24 17 37 101 103 105 111 113 114 120 123 125 126 131 134 143 155 157 159 163 164 166 167 174 189 200 203 204 211 232 238 270 293 326 362 368 431 479 846 960
25 15 50 101 102 103 104 106 111 113 115 117 118 120 122 123 126 127 129 134 148 154 155 157 159 163 166 188 189 194 195 200 203 206 211 212 221 226 229 231 238 253 258 274 310 323 352 357 359 381 418 503 609
25 13 55 101 102 103 104 106 113 114 117 118 120 123 125 132 134 139 143 152 153 159 162 164 165 166 171 180 186 188 189 192 193 200 201 203 205 206 211 212 214 225 226 231 239 248 251 256 268 270 293 310 324 338 340 365 368 382
25 14 56 101 102 103 104 105 106 111 113 114 116 117 118 119 120 123 125 126 127 133 134 135 143 148 149 159 162 164 165 182 189 193 194 203 206 207 210 211 212 213 214 221 225 226 243 255 270 280 286 317 324 335 337 340 346 357 362
25 17 44 101 102 103 105 111 113 115 123 125 126 132 133 134 143 147 148 152 153 155 157 159 161 165 166 188 189 198 200 203 209 220 225 229 240 248 251 270 274 293 310 314 359 391 402
25 18 44 101 102 103 104 105 111 113 115 123 125 129 131 134 139 142 143 147 148 153 154 159 161 162 163 165 166 174 188 189 203 204 206 212 214 225 251 255 270 293 304 309 317 362 459
25 12 51 101 103 104 105 106 111 113 114 115 116 119 122 123 125 132 148 154 158 159 161 166 169 188 195 200 206 207 211 212 221 225 226 231 237 239 240 253 255 258 268 270 293 295 342 346 355 368 391 418 427 452
25 19 52 101 102 103 1033 104 1041 1045 105 1061 1092 1103 111 113 115 119 123 125 126 134 139 143 147 148 153 154 157 163 165 167 174 188 189 194 198 200 203 210 216 225 229 240 247 251 270 284 309 312 317 446 522 555 675
25 16 36 101 102 103 104 106 111 113 115 117 123 125 126 128 133 135 147 148 165 166 167 188 189 201 203 204 211 214 220 229 276 293 314 323 355 359 361
26 16 36 101 103 104 105 111 113 114 116 118 123 125 126 129 132 134 135 148 157 162 166 174 183 188 189 200 212 214 220 222 270 276 295 357 359 450 663
26 13 49 101 103 111 113 114 115 116 123 125 129 132 134 138 143 148 153 154 155 159 164 165 174 177 184 188 189 192 193 198 201 203 206 211 212 213 214 224 229 239 240 249 258 268 270 294 303 361 381 446
26 15 40 101 102 103 104 111 113 114 115 116 117 122 123 125 127 129 132 143 153 164 165 166 167 179 188 189 201 211 221 226 235 248 258 275 284 293 359 362 388 419 462
26 17 34 101 103 105 111 113 114 118 125 129 130 132 135 142 143 148 157 162 165 166 179 188 205 212 213 225 257 270 275 277 293 311 316 326 447
26 14 52 101 102 103 104 105 113 114 115 120 123 125 126 134 143 147 148 159 164 165 166 180 188 189 192 193 198 200 203 211 212 215 221 235 240 243 251 253 255 262 268 286 293 317 334 344 347 361 362 430 510 519 527
26 19 55 101 103 1033 104 1041 105 1058 1061 1078 1085 1094 111 113 1163 118 120 123 124 125 126 127 134 148 149 150 151 157 163 164 165 166 188 189 201 203 213 220 225 240 260 268 270 278 283 284 291 293 309 312 344 446 488 514 555 863
26 12 47 101 102 103 104 106 111 113 114 115 120 123 125 128 129 132 138 148 149 158 161 164 165 166 171 174 186 189 193 196 198 204 211 213 226 231 240 253 255 268 270 293 316 324 334 340 359 373
26 18 43 101 1020 103 111 113 114 115 123 125 126 129 130 131 132 136 138 143 148 149 150 153 157 166 180 188 201 206 211 213 214 221 258 268 270 275 293 309 317 335 352 376 391 480
27 14 68 101 103 104 106 113 114 115 117 118 119 120 123 125 126 127 128 129 134 135 143 148 153 154 155 159 161 163 164 166 167 171 181 188 189 194 195 198 200 201 203 204 206 211 212 213 218 220 229 238 243 252 261 266 268 270 281 284 294 299 334 335 357 361 395 401 446 447 511
27 15 41 101 106 113 114 115 123 125 127 129 139 148 159 160 161 164 174 188 189 192 201 203 204 206 211 212 220 221 248 253 270 276 283 286 290 302 310 357 361 381 423 518
27 13 54 101 102 104 105 106 111 113 115 123 125 126 134 135 143 148 152 153 155 159 161 164 165 166 167 189 192 194 200 201 203 206 207 211 212 215 216 235 239 240 253 255 256 258 266 268 270 295 310 340 346 352 369 456 469
27 17 47 101 102 103 105 106 111 113 115 118 119 123 124 125 127 130 132 134 135 143 147 148 149 153 157 161 163 167 174 180 183 188 189 203 213 219 220 240 247 253 255 266 293 310 359 362 408 501
27 19 53 101 102 103 1033 1036 104 1041 1045 106 1061 113 115 120 123 124 126 133 134 148 153 157 163 164 166 167 188 189 203 213 214 225 229 240 243 246 251 255 256 258 268 272 291 293 304 326 362 375 382 440 476 555 582 769
27 12 56 101 102 103 104 106 111 113 114 115 116 117 119 120 123 125 126 132 134 138 143 148 152 159 161 162 164 165 166 169 171 188 199 200 201 203 211 212 215 216 220 226 229 239 243 253 255 268 270 293 295 340 359 381 391 412 447
27 16 41 101 103 104 106 111 113 114 119 123 129 131 132 134 135 143 148 153 155 159 161 163 164 165 166 167 174 189 200 203 206 220 221 246 255 268 270 275 361 381 472 531
27 18 55 101 1012 103 104 105 106 113 114 119 123 124 126 129 130 133 134 135 139 143 147 148 149 157 159 161 163 165 166 174 180 186 189 200 203 204 211 212 213 220 225 229 240 246 268 270 274 293 296 309 310 340 362 432 514 609
28 13 63 101 102 103 104 106 113 115 123 125 126 127 128 138 143 147 148 152 153 159 162 164 165 166 174 182 188 189 192 193 200 201 203 206 207 211 214 220 221 222 225 226 232 235 239 240 255 266 293 295 303 309 310 316 340 343 359 362 376 391 457 469 471 488
28 12 43 101 103 104 111 113 114 123 125 132 134 135 143 148 159 164 174 180 186 188 189 192 200 201 203 207 208 211 212 213 220 225 226 231 235 276 277 292 317 338 385 393 450 456
28 16 42 101 102 103 104 106 113 114 116 118 120 123 125 127 129 133 134 135 143 157 163 165 166 189 194 198 203 211 221 224 232 247 255 270 293 304 310 361 381 393 461 472 479
28 19 58 1000 101 103 1036 1045 105 106 1067 1083 111 113 114 118 119 120 122 123 126 127 128 129 133 134 135 137 143 144 147 148 153 157 165 166 167 188 189 200 203 211 214 225 251 256 258 264 284 293 301 309 312 323 391 446 485 499 555 769 880
28 18 48 101 102 103 104 105 113 114 118 120 123 124 126 134 143 147 148 153 157 159 162 163 164 166 188 189 203 206 218 220 224 225 229 255 270 284 305 309 310 326 344 345 357 359 381 394 402 449 456
28 17 36 101 102 103 104 105 106 111 113 114 123 125 134 148 159 163 165 166 189 193 200 201 202 203 211 213 220 225 255 276 326 359 362 446 472 479 480
28 14 70 101 102 103 104 105 106 111 113 114 115 117 119 120 122 123 125 126 127 128 129 132 134 135 138 142 143 148 153 157 159 162 164 165 166 171 174 179 188 189 193 194 200 201 203 206 207 211 212 213 218 220 221 224 237 240 243 272 284 286 295 299 334 335 340 361 381 423 457 482 513
28 15 42 101 102 103 111 113 114 123 127 129 143 147 148 155 159 162 164 165 166 189 192 199 203 206 211 213 220 226 229 243 252 255 258 268 286 309 310 312 339 361 381 440 505
29 15 55 101 103 104 111 113 114 115 119 122 123 125 127 128 129 134 135 143 148 149 151 153 154 157 159 161 163 164 165 166 174 184 189 192 194 203 204 206 211 212 213 220 224 229 258 264 268 276 295 324 338 368 441 486 531 609
29 17 48 101 102 103 105 106 111 113 114 115 122 123 125 126 133 135 143 147 153 158 159 161 165 166 174 188 189 194 200 203 204 206 214 221 248 252 270 275 277 293 310 343 344 362 393 418 446 463 479
29 16 40 101 103 105 106 111 114 115 123 125 126 130 134 135 138 143 162 163 165 167 182 188 194 203 212 223 229 248 252 264 268 270 293 310 314 382 441 462 472 531 786
29 13 54 101 103 104 111 113 115 116 118 119 123 125 127 129 132 134 136 148 153 155 157 158 159 161 164 166 171 174 179 188 189 192 198 200 201 203 206 211 212 220 224 235 253 255 256 270 272 277 293 295 324 340 343 369 393
29 14 51 101 102 103 104 105 106 113 115 116 119 120 125 129 134 135 138 143 148 154 157 159 161 162 164 165 166 180 189 198 201 203 212 213 221 239 243 247 270 280 281 286 295 304 334 335 340 352 355 381 493 515
29 18 46 101 102 103 104 105 111 113 114 116 118 119 123 134 139 143 147 148 157 159 161 164 165 166 189 194 200 201 203 206 211 220 221 225 229 240 258 268 275 276 284 293 359 362 391 432 514
29 12 46 101 102 103 104 106 111 113 114 115 116 123 125 126 127 132 134 135 143 148 159 160 161 164 166 169 174 188 189 193 200 205 207 220 224 226 235 239 240 255 256 258 270 373 391 444 456
29 19 52 101 102 103 1036 104 1045 105 1061 1078 1119 113 114 115 119 120 123 125 126 139 143 144 148 153 157 166 167 174 188 198 200 203 214 218 220 225 229 238 240 255 270 274 275 276 278 284 291 418 449 457 582 769 921
31 13 62 101 102 103 104 108 113 114 115 116 119 123 125 129 132 134 135 138 143 148 153 159 162 164 174 179 181 184 188 189 192 198 199 200 201 203 206 211 212 214 220 221 225 229 235 255 259 266 268 270 272 284 286 287 293 295 340 357 359 361 388 401 490
31 12 51 101 102 103 104 108 111 113 115 116 117 123 125 132 143 148 153 159 161 164 165 166 182 184 188 189 201 204 206 213 222 225 226 231 239 253 255 261 268 270 271 274 292 293 302 313 317 322 344 352 359 391
31 18 48 101 102 103 104 105 106 111 113 114 115 120 123 125 126 136 139 143 148 153 159 161 165 166 188 189 198 203 204 207 211 216 220 224 225 229 237 240 252 293 304 309 310 326 359 373 389 516 800
31 14 58 101 102 103 104 105 106 113 114 115 119 123 125 126 127 128 131 138 143 148 153 159 160 161 164 166 167 179 188 189 198 203 206 207 211 212 213 214 220 221 226 237 243 252 255 256 259 270 280 281 303 316 318 334 335 340 424 482 520
31 17 44 101 102 103 104 105 111 113 123 125 126 132 135 138 143 147 148 153 155 157 161 163 164 165 166 174 182 186 188 189 194 195 203 212 214 220 232 247 248 270 310 314 362 437 609
31 15 56 101 102 103 104 106 111 113 114 115 119 122 123 125 126 127 129 132 139 148 153 157 159 160 162 164 179 186 189 200 201 203 210 211 212 220 243 249 255 270 276 293 310 313 324 338 340 350 369 393 472 475 488 517 537 538 544
31 19 60 101 102 103 1045 105 1058 1061 1077 113 114 120 125 126 129 130 131 134 143 147 148 151 155 157 163 165 166 167 180 189 203 207 209 211 213 220 222 225 229 240 243 270 284 290 293 303 317 326 334 357 359 391 418 432 446 449 457 481 510 555 970
31 16 43 101 102 103 104 105 106 111 113 114 123 125 132 134 139 157 160 163 165 166 189 193 200 201 203 206 208 211 212 221 237 239 255 281 293 297 310 344 361 441 446 479 609 883
32 14 77 101 102 103 104 106 111 113 114 115 116 117 118 119 120 122 123 125 127 128 129 131 133 134 138 143 148 152 153 157 159 161 162 164 165 166 179 188 189 192 201 203 206 211 212 213 220 225 229 231 239 240 243 264 268 270 274 280 293 295 299 310 314 324 334 335 340 368 369 385 393 401 417 456 458 469 513 533
32 15 45 101 102 103 106 113 114 122 123 125 126 127 129 132 134 135 148 157 161 164 174 179 184 189 192 198 200 201 203 206 207 211 213 214 225 234 253 255 264 268 303 310 342 381 562 690
32 12 46 101 103 104 108 111 113 114 115 116 123 125 126 127 132 134 143 148 159 164 166 174 188 189 201 203 206 211 213 215 220 222 224 225 226 239 266 268 293 295 326 358 361 391 393 412 443
32 19 49 101 102 103 1036 1045 105 113 114 115 1164 119 120 123 125 126 129 134 135 136 139 143 147 148 153 157 162 166 174 188 189 195 200 203 206 208 213 214 220 225 229 240 264 270 280 284 309 446 555 769
32 16 43 101 103 104 106 113 114 120 123 125 126 129 133 134 135 143 147 148 152 153 157 161 163 166 174 189 194 198 203 219 221 238 255 258 266 268 270 293 310 334 376 381 504 814
32 18 50 101 103 104 105 111 113 114 115 120 123 125 126 129 134 143 148 151 153 158 159 161 164 165 166 174 194 203 204 205 206 207 214 220 229 240 255 258 264 268 277 293 304 309 323 326 362 382 391 446 447
32 17 46 101 102 103 105 106 111 113 115 119 123 125 126 129 133 134 139 143 147 148 153 155 158 159 161 162 163 164 166 171 174 188 189 195 200 203 220 225 248 255 274 309 310 446 462 472 970
32 13 51 101 102 103 104 106 113 116 118 119 123 125 127 129 143 147 148 153 159 161 162 164 166 188 189 192 198 201 203 206 208 211 212 215 221 222 226 235 240 253 258 261 264 266 270 346 352 369 390 391 395 468
34 13 66 101 103 104 106 113 114 115 116 118 123 125 127 128 129 132 134 135 138 143 147 148 149 153 159 161 164 165 166 174 179 189 192 195 198 199 201 203 204 206 211 221 231 235 239 240 253 255 266 270 272 274 281 295 310 312 321 333 337 352 368 376 390 395 452 469 507
34 14 70 101 102 103 104 105 106 111 113 114 122 123 125 126 127 129 131 133 134 135 138 143 147 148 152 153 154 157 159 161 162 164 165 166 174 188 189 192 194 198 201 203 204 206 211 212 213 215 221 224 243 247 253 255 270 280 284 286 295 302 303 326 335 340 357 376 381 382 418 461 473
34 16 55 101 102 103 105 106 111 113 118 120 122 123 125 126 127 129 132 133 135 143 149 161 162 163 165 166 167 174 177 188 192 194 195 198 200 203 206 212 213 214 220 221 229 243 255 258 270 295 299 310 343 359 362 376 482 744
34 12 45 101 103 104 107 113 116 117 123 125 126 127 129 132 134 141 143 148 153 159 161 164 166 169 174 182 188 189 198 199 201 213 219 221 225 253 258 268 270 276 285 295 337 340 359 458
34 15 46 101 102 103 104 105 111 113 122 123 125 127 129 134 139 143 148 159 161 162 164 165 166 174 189 194 201 206 211 226 240 243 248 249 255 270 276 299 345 368 373 376 418 452 480 499 543
34 17 40 101 102 103 104 111 113 114 118 122 123 125 126 132 133 143 148 153 161 162 163 164 165 166 188 189 203 209 213 219 222 224 240 253 270 293 310 337 488 516 530
34 18 55 101 1012 103 104 105 111 113 114 115 116 118 119 120 123 125 126 127 129 132 134 143 144 147 148 153 157 162 165 166 174 182 188 195 203 204 206 208 211 212 213 221 224 229 240 247 270 276 277 284 293 309 313 326 333 538
34 19 63 101 102 103 1036 104 1041 1045 105 106 1061 1067 1078 113 1133 114 1144 115 116 118 119 120 123 125 129 132 133 134 139 142 143 144 148 152 153 163 165 166 174 195 198 200 203 206 208 211 213 214 229 230 259 270 284 293 299 304 309 326 362 432 446 555 769 981
39 17 5 101 206 255 293 310
39 16 9 101 106 114 115 120 126 203 204 293
39 18 7 101 126 143 210 293 309 961
39 15 5 101 114 120 143 457
40 17 12 101 102 103 113 115 143 148 163 188 203 295 310
40 18 7 113 148 157 161 284 293 497
40 15 9 101 113 114 115 127 148 299 452 609
40 16 4 101 113 134 457
41 15 10 113 119 143 161 169 237 264 368 412 515
41 16 7 101 114 161 206 247 268 368
41 17 10 101 103 122 126 161 206 264 294 310 391
41 18 4 101 161 195 253
42 17 8 101 105 113 195 212 281 334 391
42 18 9 101 1035 104 157 188 206 284 293 981
42 15 5 101 113 134 335 393
42 16 5 101 105 212 330 335
43 16 13 101 104 113 115 118 134 157 188 213 239 270 376 842
43 15 8 101 114 118 119 157 226 270 310
43 17 7 101 102 103 113 212 309 353
43 18 2 101 293
43 19 1 101
47 14 1 115
47 15 9 101 113 114 115 148 224 226 284 299
47 17 9 101 113 115 126 203 206 293 309 357
47 18 4 102 284 337 516
47 16 8 101 103 113 119 203 221 299 450
48 17 10 101 104 106 113 114 134 188 310 326 532
48 18 4 101 203 305 326
48 16 16 101 102 106 113 133 148 153 188 195 203 206 207 264 299 310 449
48 15 9 101 113 162 169 268 286 310 412 451
49 15 7 101 102 119 133 163 300 482
49 17 11 101 105 106 118 120 211 268 270 293 310 344
49 18 7 101 104 106 115 148 157 293
49 16 6 101 102 106 127 157 239
49 14 4 101 134 143 381
51 16 4 101 102 113 134
51 18 9 101 105 148 149 157 212 309 326 391
51 17 8 101 103 105 113 115 130 206 261
51 14 1 101
51 15 4 101 102 157 357
52 18 6 101 103 105 111 114 326
52 17 7 101 114 118 130 148 203 306
52 16 12 101 103 113 127 134 163 203 206 207 255 293 357
52 15 8 101 102 113 119 133 203 418 437
54 15 6 101 113 134 264 357 393
54 18 5 101 104 113 114 148
54 17 8 101 102 113 118 143 212 295 357
54 16 8 101 105 122 126 157 310 344 545
57 15 9 101 103 143 163 206 268 299 392 531
57 17 9 101 103 113 119 134 135 157 203 293
57 18 9 101 103 105 126 157 203 207 293 516
57 16 9 101 102 103 113 114 126 127 143 239
58 18 5 101 105 113 130 293
58 16 7 101 113 134 135 203 293 303
58 17 11 101 103 104 115 162 188 203 206 270 293 376
58 15 3 127 270 466
61 17 12 101 103 104 113 135 148 203 255 270 310 326 368
61 15 9 103 106 113 115 122 152 264 457 609
61 16 10 101 103 106 113 160 246 255 344 391 418
61 18 5 101 103 143 148 293
62 16 11 101 104 115 119 122 134 163 188 206 240 257
62 18 5 101 114 118 206 293
62 17 6 101 106 126 206 270 310
62 15 7 106 113 114 143 206 335 391
66 16 11 101 103 106 113 114 134 213 221 268 323 526
66 18 7 101 105 133 216 255 268 293
66 17 9 101 103 105 113 118 130 290 293 310
66 15 8 101 113 148 184 282 316 322 531
67 17 8 101 188 203 226 237 293 309 310
67 18 9 101 102 105 126 130 157 161 290 326
67 16 7 101 103 148 208 216 293 310
67 15 13 101 115 118 130 134 148 161 184 213 229 286 333 335
68 16 13 101 102 103 113 143 163 188 203 293 310 360 391 393
68 15 8 101 102 143 157 161 188 203 226
68 17 11 101 106 113 126 130 161 203 284 293 310 326
68 18 5 101 114 161 284 293
69 12 45 101 102 103 104 113 114 119 123 125 127 132 134 143 148 155 159 161 164 165 166 188 189 192 193 203 206 220 225 226 231 255 268 270 275 293 294 295 309 324 340 345 346 361 362 391
69 14 48 101 102 103 104 105 106 111 113 114 118 120 123 125 126 127 129 148 153 161 162 164 171 174 186 188 189 198 200 205 206 211 212 243 249 250 255 266 268 270 281 286 335 340 362 461 495 506 526
69 16 41 101 102 103 104 107 111 113 115 118 123 125 135 143 147 157 162 163 166 189 194 195 213 214 219 225 226 240 252 255 264 270 275 277 293 301 316 348 361 446 462 500
69 17 40 101 102 103 104 106 111 113 114 123 124 125 126 131 133 134 147 148 153 164 165 166 167 171 188 189 200 203 206 212 225 255 268 277 293 310 345 362 452 472 479
69 13 66 101 102 103 104 106 113 115 116 117 118 122 123 125 126 127 128 129 132 134 142 143 147 148 152 153 154 157 159 161 162 164 165 166 167 181 184 188 189 193 198 200 201 203 205 208 211 212 213 221 225 239 240 245 256 266 268 270 272 293 294 344 345 369 391 396 446
69 19 57 101 102 103 1033 1036 104 1041 1045 105 1051 1061 111 113 114 119 120 122 123 125 126 134 139 143 148 149 152 153 157 159 163 165 166 167 174 188 198 201 203 206 212 213 214 225 240 255 264 268 290 323 368 432 457 461 514 519 582 769
69 18 53 101 103 104 105 113 114 118 119 120 123 125 126 132 133 134 143 148 152 153 157 159 163 165 166 174 188 189 198 203 205 211 213 222 240 248 255 264 268 284 293 309 310 326 345 357 362 369 399 482 514 541 609 786
69 15 48 101 103 104 106 113 115 120 123 125 126 127 129 132 134 139 148 161 164 166 167 174 179 186 189 193 194 200 206 208 211 214 221 223 224 256 266 299 310 311 324 326 339 361 381 393 420 447 457
70 13 56 101 102 103 104 111 113 114 119 122 123 125 132 134 135 143 144 148 153 158 161 164 165 166 167 169 171 189 192 195 198 200 201 203 206 207 211 212 213 214 221 225 226 230 235 239 240 248 270 281 294 295 310 340 352 361 381
70 14 60 101 102 103 104 106 111 113 114 115 118 123 126 127 129 134 135 147 148 153 154 161 164 165 166 188 189 192 194 200 201 203 211 220 221 224 239 240 243 253 266 267 270 284 286 293 294 295 302 310 324 334 339 342 355 362 381 401 446 469 516
70 16 43 101 102 103 104 105 106 111 113 114 119 123 125 126 127 134 135 138 148 161 165 166 167 181 189 198 201 203 211 213 221 225 247 255 261 268 270 277 317 337 348 361 362 446
70 17 37 101 103 106 111 113 118 123 131 134 135 143 148 152 153 159 161 166 167 171 200 203 211 213 214 229 246 255 258 270 272 293 309 310 359 473 479 961
70 12 40 101 103 104 106 111 113 119 123 125 127 128 129 134 135 143 147 148 158 160 161 164 165 166 182 188 189 206 211 219 220 225 226 255 261 270 293 295 310 352 391
70 15 40 101 102 103 104 108 111 113 114 119 123 127 128 135 147 148 154 161 177 194 201 203 207 211 213 214 221 225 226 229 235 237 240 269 274 310 338 361 382 401 452
70 18 52 101 102 103 104 105 106 111 113 114 116 118 120 122 123 125 130 133 134 143 147 148 149 153 157 159 161 164 165 166 167 182 194 195 200 203 211 221 224 225 252 253 270 284 293 309 310 326 359 398 432 510 514
70 19 51 101 102 103 1033 1036 104 1041 1045 105 106 1061 1083 111 113 114 115 120 123 125 126 148 149 152 153 157 163 165 166 189 203 212 213 220 221 225 256 270 279 284 299 309 312 326 359 362 391 402 499 519 555 769
72 16 43 255 420 508 568 569 571 572 575 584 587 591 602 612 618 619 622 625 630 632 634 638 646 652 664 666 669 670 674 677 682 685 694 699 716 721 745 756 772 798 802 813 852 867
72 17 36 420 472 508 568 571 591 603 608 611 612 614 616 622 625 628 631 632 646 649 658 664 670 677 679 680 682 694 714 732 745 747 772 807 815 830 867
72 18 28 1006 420 434 508 568 571 578 590 591 592 602 603 608 614 621 622 625 632 635 637 638 649 650 666 674 716 747 825
72 15 16 420 508 568 569 571 584 591 601 608 612 614 622 625 638 640 676
72 19 48 1010 1040 1042 1054 1070 255 331 434 508 558 568 569 571 587 590 591 592 603 606 608 614 615 618 621 622 625 631 632 634 635 637 648 649 653 654 661 669 674 676 682 702 731 745 791 804 811 912 976
91 16 49 420 508 568 569 571 574 584 591 592 594 597 602 603 608 611 612 613 615 623 625 628 630 632 634 637 646 648 649 652 655 658 662 664 667 674 676 681 685 688 722 747 802 811 812 815 836 856 873 886
91 18 36 255 420 571 574 590 591 608 611 612 621 622 623 625 628 631 632 634 635 637 642 648 649 655 658 662 663 664 666 671 677 682 699 721 747 752 867
91 19 53 1040 1046 265 420 434 441 508 551 558 568 571 572 573 575 591 592 601 605 608 612 615 616 621 622 625 628 631 632 642 646 648 649 653 662 664 665 667 669 671 673 674 677 679 682 685 716 721 731 773 804 825 867 948
91 17 38 568 571 575 578 590 592 603 606 611 612 614 615 622 625 630 633 637 643 646 648 649 650 652 658 664 667 670 677 682 696 711 716 730 747 815 830 867 886
91 15 24 508 568 570 571 573 574 590 592 595 600 601 602 603 612 614 615 622 630 632 634 635 643 644 670
92 17 42 255 331 420 508 568 571 573 575 597 601 603 608 611 612 614 621 622 624 625 634 637 646 648 649 652 658 661 664 665 670 674 677 699 730 732 747 821 822 838 867 965 966
92 19 49 1010 1040 1068 1089 255 420 474 508 568 571 574 575 578 591 592 595 597 605 606 608 612 614 621 622 625 628 632 634 635 646 648 649 652 653 658 662 664 669 685 699 710 716 745 752 756 854 867 890 913
92 18 37 1009 420 512 568 571 578 590 592 608 611 612 616 622 631 632 633 635 637 642 648 649 652 658 663 664 669 670 671 674 699 702 716 731 732 816 853 867
92 16 45 218 255 331 420 568 571 578 587 591 601 608 611 612 614 617 621 622 624 625 632 634 637 638 646 648 652 658 661 666 670 671 677 682 721 728 736 740 745 747 748 761 818 821 829 858
92 15 21 508 568 569 571 572 578 590 591 602 610 621 622 630 631 634 648 649 651 652 655 656
94 18 36 255 420 427 434 571 573 591 592 608 612 616 618 624 631 634 637 642 646 648 649 652 664 666 676 679 695 716 721 732 747 751 815 838 840 867 934
94 19 52 1005 1010 1040 1070 1168 140 420 427 568 571 574 575 587 591 592 601 602 608 611 614 615 616 618 621 622 625 631 632 634 640 642 646 648 649 653 662 663 671 674 676 707 709 721 730 731 748 757 788 832 867 918 934
94 16 30 420 508 568 571 591 594 601 605 608 612 614 621 622 624 632 634 637 652 654 662 667 670 677 679 683 684 706 714 734 742
94 15 18 508 569 571 575 579 591 592 603 605 606 612 614 615 617 635 637 650 688
94 17 33 255 420 568 569 571 606 608 614 622 625 631 632 637 642 646 649 652 658 662 664 666 667 669 670 696 699 745 747 766 804 832 930 948
104 16 41 218 255 331 420 434 508 568 569 571 573 587 591 597 601 608 611 612 614 622 624 625 630 632 646 650 654 664 670 677 682 688 694 699 711 736 745 747 752 772 778 866
104 17 46 420 508 568 569 571 573 578 584 591 597 603 605 606 608 611 612 614 622 625 632 634 637 638 646 649 652 658 662 664 666 670 680 682 684 685 721 724 730 731 734 747 748 753 797 802 867
104 18 44 420 571 573 591 602 603 606 608 611 612 622 628 632 634 637 642 648 649 662 663 664 665 667 669 670 674 677 680 685 691 697 711 713 716 720 731 736 747 752 834 840 909 962 980
104 19 46 1010 1040 1046 1049 1055 1059 1069 1145 255 265 420 434 568 571 587 591 601 612 614 616 621 622 625 628 632 634 644 646 648 649 653 655 662 674 682 684 695 720 731 746 749 804 807 815 816 890
104 15 18 508 568 569 571 575 578 590 591 594 597 606 611 614 615 622 632 647 721
108 19 51 1010 1040 1114 255 295 420 427 508 551 571 573 574 578 584 587 590 592 597 612 621 622 623 625 630 632 633 644 648 652 658 662 664 666 667 671 674 679 682 694 714 721 722 726 732 745 762 821 838 868 873 908
108 17 30 104 255 568 571 573 574 592 597 601 608 611 612 621 622 625 637 642 646 648 652 667 683 694 716 731 745 752 757 776 868
108 18 43 1040 255 420 508 571 573 574 575 592 603 608 611 612 616 622 625 630 632 646 648 649 652 658 662 664 667 677 679 680 682 694 697 701 710 716 722 736 766 776 789 804 822 860
108 16 26 255 508 569 571 587 590 592 597 612 622 625 632 637 646 648 649 658 669 679 682 697 702 703 747 781 821
108 15 6 587 612 625 664 703 705
120 17 43 218 255 420 568 571 587 590 605 606 611 612 614 616 619 622 625 630 631 632 634 638 649 654 655 658 659 664 667 670 677 682 683 688 696 699 700 711 721 727 747 752 822 867
120 19 39 1063 1070 1121 1132 265 420 508 568 571 574 575 590 591 592 602 606 608 616 621 622 625 628 631 634 648 649 653 654 663 664 667 671 677 679 716 825 867 934 948
120 16 39 255 568 569 571 574 578 584 587 591 603 608 611 612 613 622 625 631 632 633 636 646 648 652 653 658 661 664 669 676 682 697 699 707 710 714 808 816 825 859
120 18 36 255 420 568 571 587 590 592 601 602 603 606 611 612 630 631 632 634 637 640 642 646 649 658 662 664 670 671 677 682 702 711 736 743 747 867 984
120 15 18 570 571 591 602 608 612 622 627 631 652 653 661 664 670 683 688 709 711
121 16 48 331 420 508 568 569 571 578 591 605 606 608 611 612 618 621 622 625 630 632 633 636 642 646 649 652 654 658 662 664 667 670 671 674 677 692 695 699 716 721 733 734 752 755 758 771 778 804 823
121 17 40 331 420 441 568 569 571 587 590 592 603 611 612 621 622 630 632 633 634 637 642 646 648 649 652 658 662 664 670 671 676 677 680 684 714 718 734 747 766 840 936
121 19 57 1005 1006 1010 1040 1063 1070 1114 1145 255 420 427 434 472 508 569 571 575 591 601 602 603 606 611 612 616 621 622 625 628 631 634 640 642 649 652 653 662 663 664 670 671 674 677 679 682 694 695 703 713 716 731 804 812 832 834 891 972
121 18 40 255 295 420 568 571 575 578 587 597 605 608 611 612 621 622 625 630 631 634 642 646 648 658 662 664 670 671 674 677 695 699 716 736 747 840 850 869 876 930 948
121 15 19 147 420 427 441 569 571 591 601 605 606 613 621 632 633 634 636 639 654 655
122 16 39 255 331 508 568 571 573 578 591 595 605 612 621 622 625 630 633 634 637 638 642 646 648 654 658 662 664 670 671 676 677 682 684 694 696 714 745 746 768 778
122 19 62 1010 1046 1055 1089 1110 255 331 420 427 434 508 568 569 571 575 590 591 592 601 603 608 611 612 614 616 621 622 623 625 632 634 635 640 642 648 649 650 652 653 658 662 663 664 667 669 677 685 697 702 720 721 726 731 747 748 757 778 816 867 903 936 937
122 17 39 140 265 331 420 568 571 575 590 592 600 608 611 612 614 619 621 625 630 632 637 638 642 646 648 649 658 662 664 670 671 677 679 685 696 699 716 731 747 808
122 18 49 331 420 434 472 508 571 590 592 597 601 603 608 612 615 621 622 624 625 627 628 630 634 635 637 640 648 649 652 657 658 662 663 664 670 671 699 716 721 730 747 752 753 762 778 804 815 816 874 925
122 15 26 255 265 420 508 571 578 601 602 603 606 614 615 622 630 631 632 633 634 637 638 643 646 657 658 677 707
130 17 48 255 331 420 434 568 569 571 572 587 597 602 605 606 608 611 612 621 622 624 628 632 633 634 637 640 642 646 648 649 652 658 662 664 665 670 671 679 685 693 694 695 715 734 747 766 775 783 867
130 18 51 255 420 508 512 568 569 571 591 597 601 606 611 612 616 618 622 625 628 630 631 634 637 642 648 649 654 661 662 663 664 667 674 677 679 681 682 685 694 711 718 727 730 731 736 739 740 747 757 798 811 890
130 16 43 218 255 265 420 568 569 571 575 590 591 592 608 611 612 613 618 622 625 631 634 637 642 648 649 658 659 662 664 666 669 670 671 676 721 732 742 747 751 752 754 791 841 860
130 19 46 1010 1046 1059 1089 1120 420 508 568 569 571 575 587 590 591 592 595 605 606 608 611 612 621 625 631 632 634 637 640 642 644 648 652 653 654 662 663 670 685 697 714 716 720 731 747 792 925
130 15 21 255 568 569 571 584 591 592 597 605 608 633 634 642 658 659 666 667 677 681 689 729
135 16 35 255 570 571 573 574 575 597 601 608 612 614 619 622 625 631 634 637 642 646 648 653 658 662 664 670 677 697 710 732 745 757 772 807 822 848
135 18 31 255 420 434 571 597 606 611 614 615 621 625 631 640 642 648 649 652 662 663 664 667 670 677 682 697 699 701 722 723 732 770
135 19 48 1010 1040 1046 1054 255 434 571 573 575 584 590 592 595 601 603 608 610 612 616 617 621 622 625 628 631 632 633 640 642 649 650 652 655 662 664 666 667 669 670 671 682 703 716 731 732 771 811 978
135 17 32 420 434 568 569 570 571 603 608 612 615 616 621 622 625 631 632 633 637 642 646 648 649 662 670 671 677 682 699 716 721 841 909
135 15 13 571 612 622 628 631 634 642 662 664 671 672 674 701
138 17 44 255 331 420 427 434 571 573 575 592 601 602 603 608 612 615 621 622 625 630 632 634 637 642 646 648 649 654 662 666 670 694 708 709 711 732 735 807 811 812 850 908 910 934 962
138 19 60 1010 1040 1044 1059 1093 1116 222 420 434 508 512 571 573 575 578 585 587 590 592 601 602 606 608 611 612 615 616 617 618 621 622 625 631 632 635 637 642 650 651 652 658 662 664 667 670 672 674 682 683 699 714 719 723 769 777 781 816 838 864 881
138 18 55 1002 255 420 427 434 508 570 571 575 587 606 612 621 622 623 625 631 632 633 637 640 643 646 648 650 658 662 663 666 667 669 670 671 679 682 694 697 699 709 714 716 731 732 757 769 804 806 817 841 853 854 855 857 892 969
138 16 26 255 434 508 568 571 591 597 601 605 608 611 612 622 624 632 648 652 658 662 663 666 670 671 674 677 760
138 15 9 568 621 658 664 666 670 681 683 694
139 18 46 1010 255 420 512 568 571 573 574 587 592 597 612 614 618 622 625 631 632 635 640 648 662 666 667 669 670 676 677 682 685 694 697 702 713 716 721 731 795 798 804 843 884 896 910 948 984
139 19 52 1010 1040 1046 1059 255 295 420 434 508 571 573 575 592 601 608 611 612 614 621 622 625 630 631 634 635 640 642 646 648 649 655 658 662 664 667 669 670 677 679 692 708 713 714 716 721 731 756 804 807 816 834 838
139 17 25 255 568 571 573 592 603 605 611 612 614 618 622 625 642 646 648 670 679 699 708 710 716 757 787 955
139 16 25 255 434 571 601 602 611 612 618 622 625 637 642 646 658 662 671 679 682 694 697 716 726 731 732 824
139 15 6 575 601 644 654 663 672
140 17 28 420 434 568 571 597 601 602 606 608 612 621 625 632 642 648 658 662 666 676 677 679 716 721 747 852 870 908 947
140 16 31 255 420 568 571 575 587 597 601 612 618 622 632 640 642 658 662 664 669 682 697 701 716 718 721 736 743 751 766 771 787 875
140 18 43 255 420 427 434 571 575 591 592 597 601 612 618 619 622 625 631 632 633 642 646 648 652 658 664 671 679 681 682 691 694 699 703 716 742 753 756 757 763 811 815 850 860 870
140 19 45 1010 1063 1087 1109 1114 508 568 571 573 584 587 590 602 616 621 622 625 630 632 634 635 646 650 652 661 662 663 666 672 677 679 697 699 714 716 721 731 760 787 816 822 824 832 854 939
140 15 5 420 572 622 642 680
141 17 45 255 420 508 568 569 571 573 574 575 605 608 612 614 621 622 625 630 631 632 634 637 640 648 649 652 658 663 664 665 676 685 702 703 707 734 747 752 757 802 840 850 867 894 902 951
141 19 67 1010 104 1040 1070 255 265 420 434 472 568 569 571 573 574 575 591 592 597 605 608 612 614 616 621 622 625 628 630 631 632 634 642 644 646 649 652 653 654 655 658 661 662 663 664 667 670 671 674 676 679 685 710 717 731 735 745 747 752 770 804 815 822 825 832 854 894 982
141 18 50 147 255 331 420 434 472 512 569 571 573 591 592 597 605 608 612 619 621 622 625 628 631 632 634 642 643 644 648 649 662 663 664 670 674 676 679 680 693 698 710 721 722 747 752 757 777 850 891 984 994
141 16 47 420 568 569 571 572 573 575 590 591 597 601 602 603 605 606 608 611 612 615 621 622 625 631 632 634 637 640 642 646 648 652 658 666 667 670 679 682 688 699 707 711 716 738 745 752 792 820
141 15 8 508 574 584 591 608 622 635 652
142 16 26 255 420 571 573 574 575 597 612 615 621 622 625 631 632 634 637 646 652 674 697 699 706 716 746 752 806
142 19 42 1010 1040 1055 255 420 434 512 568 569 571 572 573 575 587 601 605 606 614 615 621 625 630 631 633 642 646 649 652 662 667 670 674 682 697 713 714 716 719 731 732 745 757
142 17 26 568 570 571 573 574 587 590 603 606 614 622 625 633 637 648 649 652 653 677 679 699 701 716 757 773 852
142 18 46 1025 420 434 508 571 572 575 587 591 608 611 612 614 615 616 621 622 625 627 630 631 634 637 640 642 646 648 662 663 667 670 674 697 699 713 716 718 753 757 775 778 804 806 824 853 943
142 15 5 420 570 571 622 677
143 16 23 255 420 434 568 571 575 594 612 621 622 630 632 658 663 667 670 679 684 721 781 792 848 857
143 18 58 255 508 570 571 573 574 587 591 592 595 601 603 605 612 615 621 622 625 631 632 635 637 640 642 648 651 652 658 662 663 666 667 670 671 674 676 677 679 682 694 697 710 713 716 725 735 736 757 762 769 778 791 793 811 861 868 875 884
143 17 19 420 508 571 578 612 615 621 622 625 631 632 642 663 697 720 757 770 852 884
143 19 56 1010 1049 1059 1098 1109 1114 1116 1154 140 295 420 434 508 571 575 578 587 592 595 601 608 611 621 622 625 632 634 635 637 642 644 648 652 662 666 667 669 670 671 677 682 683 694 701 710 718 726 736 756 757 791 807 838 867 881 969
143 15 8 420 597 622 662 669 674 677 730
144 19 53 1010 1040 1054 1059 1118 255 420 508 558 569 571 573 575 585 587 591 592 612 616 618 619 621 622 624 625 630 632 635 640 642 646 649 652 664 667 669 670 679 681 682 699 702 709 716 718 726 731 781 796 806 840 853 873
144 16 27 255 420 568 571 573 574 597 601 608 612 622 625 632 634 637 658 662 669 671 674 676 699 711 726 760 817 878
144 17 26 255 434 568 570 571 573 574 594 612 616 622 625 642 649 654 662 664 670 671 697 701 720 757 763 811 849
144 18 23 255 295 420 434 571 587 612 621 625 640 642 646 653 674 677 697 711 716 732 736 785 811 854
144 15 2 611 664
145 19 63 1005 1010 1040 1044 1069 1114 1148 255 331 420 568 571 573 578 587 592 597 603 608 611 612 614 615 616 622 625 631 632 637 652 653 658 662 663 664 666 667 669 670 672 674 677 679 683 689 694 696 709 713 716 719 725 747 756 757 775 839 868 884 934 936 948 990
145 18 45 420 434 571 573 574 575 587 591 595 601 608 612 614 615 616 617 618 622 625 631 632 634 637 642 646 651 652 654 661 662 667 670 671 679 682 697 699 703 716 720 728 757 789 832 887
145 16 34 255 420 434 508 569 571 578 590 597 611 612 618 621 625 631 632 637 646 648 658 662 663 664 670 671 677 679 682 697 699 716 733 757 763
145 17 35 434 568 571 572 575 587 592 597 601 612 615 616 621 622 624 625 631 632 637 642 648 649 652 658 662 670 682 697 701 710 721 736 757 812 841
145 15 10 255 420 571 597 612 622 625 661 664 665
146 18 42 255 434 508 568 571 575 584 592 601 602 611 612 618 621 622 625 631 634 642 648 652 658 661 662 663 664 667 669 674 697 716 723 731 757 768 807 816 861 868 910 943 948
146 19 47 1010 1040 1069 1070 1154 255 420 434 508 571 573 574 575 590 591 592 595 608 612 616 621 622 625 635 637 642 648 649 652 662 663 664 667 674 679 682 714 716 721 726 747 757 771 773 777 857 909
146 16 17 255 568 571 608 612 614 618 622 632 644 646 652 662 697 701 731 757
146 17 31 255 427 434 568 569 571 575 606 612 615 616 617 618 622 625 632 637 642 646 652 662 663 667 671 697 699 708 716 732 757 806
146 15 5 622 634 664 667 669
147 17 38 255 420 508 571 573 574 578 587 591 594 601 605 608 612 615 618 621 625 630 631 632 642 646 652 663 667 670 674 676 677 710 716 722 732 757 811 849 945
147 19 46 1019 1040 1047 1106 1130 140 420 508 512 571 575 587 592 601 606 612 614 615 616 621 622 623 625 630 631 632 640 648 650 664 666 667 669 670 674 679 682 699 710 716 722 757 776 789 804 825
147 18 38 1010 255 420 571 578 587 592 601 611 612 614 621 622 625 632 637 640 642 646 648 649 663 664 667 671 677 694 699 701 710 714 716 726 731 732 736 757 796
147 16 41 255 265 420 434 571 575 592 595 597 601 602 608 611 612 615 616 618 622 625 632 634 637 640 646 662 664 667 670 671 674 679 693 697 716 720 736 745 803 807 811 879
147 15 11 420 592 597 622 642 677 691 697 716 717 720
148 18 35 255 420 569 571 573 574 587 592 611 612 616 621 622 625 631 632 635 637 642 648 652 662 664 667 671 697 710 716 719 721 756 757 825 876 909
148 16 37 255 420 568 571 573 575 590 595 597 601 608 612 614 618 621 622 625 632 634 637 646 652 658 662 667 669 670 677 697 701 716 732 762 778 805 807 812
148 19 61 1040 1044 1056 1059 1075 1154 140 255 420 508 558 571 573 574 590 591 592 601 605 606 610 611 612 615 616 621 622 625 637 640 642 648 649 652 653 655 662 664 666 667 669 670 674 676 682 694 707 714 716 731 757 784 797 811 853 867 868 873 890 908 909
148 17 38 255 420 434 508 568 571 573 574 575 592 603 608 611 612 614 621 622 625 631 637 642 652 653 658 661 662 663 664 667 670 697 721 757 797 809 851 852 853
148 15 7 571 578 587 611 618 621 649
149 18 49 255 420 434 568 571 574 575 578 592 601 611 612 615 617 621 624 625 631 646 648 652 653 655 658 662 663 664 666 667 677 680 682 683 697 710 713 716 722 726 731 747 757 784 807 810 828 908 932 942
149 19 58 1010 1040 1052 1091 1106 255 420 434 508 558 568 571 573 574 590 597 601 605 608 610 612 616 618 622 625 633 637 648 649 650 652 655 658 662 664 666 667 670 679 682 696 697 710 716 721 726 731 747 751 756 757 781 806 807 811 856 878 890
149 16 32 420 508 568 569 571 575 578 592 606 608 611 612 615 621 622 625 632 637 640 642 648 658 662 670 677 684 694 697 716 733 766 890
149 17 22 265 331 420 571 573 574 578 601 612 614 615 621 622 625 631 632 649 682 695 697 701 841
149 15 10 420 568 570 608 611 631 632 642 664 679
150 17 33 420 571 573 574 575 597 605 608 611 612 614 615 621 622 642 646 649 652 654 658 667 670 677 685 694 697 715 718 731 757 784 853 937
150 16 36 255 420 571 575 590 591 592 595 597 601 612 615 619 622 625 632 634 637 640 646 652 654 658 662 663 667 669 677 679 684 697 710 722 752 757 889
150 19 57 1040 1059 255 420 434 508 571 573 574 575 578 590 591 592 602 606 608 611 612 614 615 616 617 621 622 625 632 634 642 648 649 662 663 667 670 679 684 694 697 699 708 710 713 716 721 726 740 742 757 766 776 784 804 817 868 884 985
150 18 35 255 434 512 571 597 601 606 612 614 615 621 622 625 631 632 634 646 648 652 662 666 676 677 679 697 710 716 726 747 756 776 804 815 867 977
150 15 12 592 597 611 612 622 625 658 682 695 699 716 720
151 16 26 255 508 568 571 591 597 608 612 614 621 622 625 628 630 632 633 646 648 652 662 666 674 716 726 747 757
151 19 42 1010 1040 1059 1154 420 434 474 508 571 575 606 612 616 621 622 625 634 637 640 642 648 652 661 662 663 667 670 671 674 679 682 710 714 716 731 757 777 810 811 821 867 890
151 17 36 140 434 474 508 568 570 571 592 600 601 611 612 614 615 622 625 630 632 646 652 653 662 667 671 676 679 682 697 702 710 716 726 796 906 907 948
151 18 36 255 420 434 472 571 573 574 575 587 591 592 601 608 611 612 621 622 625 637 648 652 653 658 662 666 679 682 683 697 716 726 756 757 776 850 873
151 15 3 621 622 671
152 19 49 1005 1010 1025 1027 1040 255 420 434 508 571 575 592 606 611 612 615 621 622 623 625 630 631 632 642 648 649 652 653 662 663 664 669 670 672 674 679 681 703 716 727 731 737 745 747 757 797 821 825 948
152 18 50 222 420 434 508 568 571 572 592 606 611 612 615 618 621 622 623 625 632 637 640 642 648 652 662 666 669 671 679 682 697 702 710 713 716 720 721 731 732 736 749 756 757 766 796 807 848 867 871 986 998
152 17 20 255 434 568 571 575 592 601 611 612 621 622 625 642 652 662 685 716 745 757 804
152 16 19 255 434 568 571 612 614 621 622 631 632 646 652 662 664 669 699 714 760 836
152 15 5 614 618 646 662 713
153 17 27 255 427 508 571 573 574 575 587 601 608 611 612 615 621 625 631 632 640 642 646 671 702 721 747 848 853 871
153 18 38 255 420 427 570 571 573 574 575 591 592 601 606 612 621 622 625 646 648 649 652 658 663 664 666 674 677 679 680 681 697 716 726 757 783 854 860 890 908
153 19 45 1010 1027 1040 1068 1070 255 420 434 508 551 571 573 574 592 615 616 622 625 632 642 644 646 648 652 659 666 669 670 679 682 694 696 699 708 716 718 757 769 804 840 850 852 884 892 896
153 16 30 255 420 571 575 591 597 601 608 621 622 625 633 637 640 642 646 652 662 666 670 679 681 697 703 710 714 716 746 757 835
153 15 2 608 612
160 17 30 255 434 571 575 587 601 611 612 615 617 621 622 625 640 642 648 649 652 662 663 697 710 713 716 722 731 746 823 870 908
160 19 44 1040 1059 1063 420 434 508 571 573 592 601 606 608 611 612 614 616 621 622 625 630 632 637 640 646 648 649 652 654 667 669 671 674 679 682 699 702 708 710 714 716 721 756 825 948
160 16 33 255 508 568 570 571 575 592 605 611 614 618 621 622 625 632 635 637 646 649 652 655 658 662 666 670 679 699 716 731 737 757 766 838
160 18 39 149 255 420 571 584 591 608 612 614 616 618 621 624 625 631 632 637 648 649 662 663 664 666 680 684 692 696 697 710 714 716 721 732 747 770 807 825 864 908
160 15 6 420 568 618 631 659 662
164 19 52 1010 1042 1055 1059 1099 1100 1121 255 420 434 568 571 573 574 584 592 597 606 611 612 616 618 621 622 625 627 630 631 632 635 642 653 658 662 664 669 670 677 679 682 694 699 713 714 716 721 731 736 757 812 850 925
164 18 56 420 472 508 571 572 573 574 587 590 591 592 603 608 611 612 616 618 621 622 625 630 631 632 640 642 646 652 661 662 664 667 669 671 676 680 681 692 693 694 716 721 726 731 748 756 757 767 775 787 791 804 807 853 858 929 973
164 17 31 434 568 571 573 574 575 587 597 611 612 614 615 621 622 625 632 642 646 648 652 655 662 667 670 671 677 681 682 716 726 929
164 16 24 255 569 571 575 597 608 611 612 622 632 637 642 646 648 655 662 663 664 669 677 682 697 716 745
164 15 3 602 669 715
165 17 34 255 434 568 571 575 587 601 608 611 616 621 622 625 632 634 637 640 642 648 649 652 662 663 666 677 679 697 716 721 736 757 771 807 838
165 18 46 1019 420 434 571 573 574 575 587 590 592 595 603 608 612 618 621 622 625 627 631 634 635 637 642 648 652 662 663 664 667 674 692 695 697 699 710 716 721 723 726 756 757 776 857 892 908
165 19 54 1010 1040 1049 1056 1063 1069 1116 140 255 420 427 434 508 568 571 578 587 592 608 612 616 618 621 622 625 631 632 635 640 642 644 646 648 661 662 663 664 666 670 682 694 697 706 710 713 714 716 726 748 749 756 757 896 976
165 16 25 255 420 568 571 575 578 611 612 618 622 632 637 642 646 652 658 662 663 682 697 721 757 766 838 840
165 15 4 611 640 642 697
166 17 34 434 512 568 571 578 592 595 611 612 618 622 631 632 635 640 658 662 665 667 671 694 697 708 710 714 716 718 732 745 747 757 762 798 888
166 16 29 255 434 568 571 575 612 616 618 621 622 625 631 637 642 646 648 658 667 671 674 676 682 694 697 699 710 732 747 797
166 19 53 1010 1027 1040 1069 1116 420 434 508 558 568 571 573 574 575 591 592 594 600 608 611 616 621 622 625 630 631 632 634 635 642 646 648 651 652 661 664 666 670 671 676 679 682 694 697 716 719 732 736 757 793 807 853 864
166 18 40 1018 255 381 420 508 568 571 608 611 612 621 625 631 632 637 642 648 652 653 658 662 664 669 671 679 682 685 691 694 697 710 716 718 721 726 732 784 806 857 881
166 15 3 602 622 632
170 19 53 1010 1040 1049 1070 255 420 427 508 551 558 571 575 592 611 612 622 625 630 631 632 635 642 648 650 652 662 663 664 667 669 670 674 676 682 692 697 698 699 710 713 716 731 740 756 783 797 802 817 836 838 864 890 948
170 18 40 255 420 434 508 568 571 573 574 587 592 606 611 612 618 621 622 625 631 632 634 640 643 646 647 649 652 654 671 676 679 697 714 716 732 757 840 864 892 908 975
170 17 23 255 434 571 587 590 592 601 612 615 622 625 631 642 646 648 662 667 671 679 697 771 868 910
170 15 5 571 575 602 649 684
170 16 37 420 508 568 569 571 575 587 590 591 592 602 612 614 622 625 631 632 637 640 642 646 658 662 664 667 674 677 679 699 742 748 757 762 781 804 812 834
175 16 36 255 420 434 568 571 573 575 587 608 611 612 616 618 621 622 625 630 632 633 634 642 648 649 654 662 669 671 677 682 687 710 735 742 745 771 792
175 17 40 255 420 434 508 568 571 573 574 592 601 606 611 612 614 615 618 621 625 631 642 646 648 649 652 658 662 663 664 679 682 716 731 743 757 768 799 807 840 903 959
175 19 49 1010 1059 1063 1069 1117 1148 255 420 427 508 568 571 573 574 575 578 585 587 590 592 611 612 616 621 622 623 625 631 632 634 640 642 644 649 652 658 662 664 667 670 671 679 694 697 714 721 736 783 791
175 18 45 255 331 420 434 472 568 571 591 592 601 608 611 612 616 622 625 632 635 642 647 653 658 662 669 677 682 697 699 701 703 710 713 716 721 723 736 747 756 757 769 784 792 853 876 908
175 15 6 420 571 619 642 662 682
177 16 32 508 568 570 571 573 574 587 597 612 618 619 621 622 632 637 640 642 662 666 667 670 674 699 703 721 757 760 772 801 804 821 877
177 19 59 1010 1040 1044 1063 255 420 508 568 571 573 574 575 597 603 606 608 611 612 615 616 618 621 622 623 625 630 631 632 633 634 635 637 642 649 651 652 662 663 667 670 674 677 682 683 693 694 695 716 721 736 757 763 807 826 867 873 896 908 923
177 18 46 114 255 420 508 570 571 573 574 591 601 611 612 616 617 622 623 625 631 633 637 640 642 646 648 652 662 663 664 667 670 682 694 697 699 710 714 715 716 718 723 746 752 757 778 854 904
177 17 24 568 571 587 592 601 608 612 621 625 630 632 648 649 670 671 674 677 697 714 716 757 772 804 908
177 15 5 622 625 632 685 702
183 19 53 1040 1059 1069 1075 1107 255 420 434 508 568 569 571 573 575 587 591 601 603 605 611 616 621 622 625 632 635 642 648 649 652 653 661 666 667 669 670 671 674 676 677 682 683 694 699 702 713 756 757 811 854 890 930 943
183 16 24 255 420 568 571 587 595 608 612 621 622 625 632 646 652 662 664 670 674 682 684 716 731 732 757
183 17 21 255 420 571 573 574 608 612 622 625 632 642 648 649 652 662 666 697 715 716 736 747
183 18 32 420 571 573 574 575 578 590 592 601 608 611 612 621 622 625 631 632 642 646 663 666 667 670 671 699 716 721 735 736 746 795 797
183 15 6 568 608 611 662 663 710
186 16 31 420 434 568 571 575 578 590 597 601 603 608 611 621 622 625 631 632 634 637 642 643 646 656 658 662 664 671 673 810 811 881
186 17 30 427 508 568 571 578 601 606 611 612 614 621 622 625 631 632 640 646 655 662 667 669 671 677 710 716 757 804 811 851 853
186 18 42 1027 1030 1034 140 255 420 508 571 573 574 575 578 587 591 592 597 601 605 608 612 614 618 621 622 625 631 642 648 662 663 670 679 692 716 721 726 757 775 776 807 811 942
186 19 65 1005 1010 1054 1109 255 427 508 558 568 571 575 578 587 591 601 611 612 616 619 622 623 625 630 631 632 634 635 637 640 642 646 648 650 652 658 662 664 667 669 670 677 679 682 694 699 700 702 708 713 721 725 726 731 748 756 776 795 799 810 811 817 841 871 881 892
186 15 6 571 632 662 663 712 716
189 18 58 255 420 434 568 571 575 590 592 601 610 611 612 614 615 621 622 625 631 632 633 634 640 642 648 649 652 653 658 662 663 664 666 667 669 670 681 682 685 692 694 699 714 716 718 721 726 732 736 757 795 804 817 841 853 864 887 908 993
189 16 33 255 420 568 571 575 578 606 608 611 613 614 621 622 625 632 634 636 637 642 646 648 663 666 671 674 679 683 684 699 701 702 716 747
189 17 40 255 427 434 508 571 573 574 575 592 597 608 612 618 621 622 625 630 631 632 642 643 648 650 662 663 664 667 669 671 674 677 692 697 716 720 726 757 763 853 908
189 19 50 1010 1040 1042 1063 1114 255 420 568 571 575 587 590 601 608 611 612 614 616 617 619 622 625 630 631 634 637 640 642 648 652 658 667 669 670 671 676 694 697 702 708 710 714 716 718 726 736 748 806 867 873
189 15 8 420 508 642 661 662 693 703 721
194 19 52 1005 1010 1040 1046 1114 1125 140 255 420 427 571 572 573 574 608 611 612 614 616 621 622 625 630 634 635 637 642 652 653 658 661 662 663 666 667 669 670 671 674 676 677 682 697 699 710 714 721 731 757 824 853 881
194 17 36 255 420 434 568 571 590 601 612 621 622 625 631 632 642 646 649 654 658 662 663 664 666 667 670 679 682 697 716 731 743 757 852 881 908 909 969
194 16 26 255 570 571 597 614 618 622 631 632 634 640 642 646 658 662 663 664 669 677 716 721 750 757 760 838 853
194 15 5 420 597 622 669 716
194 18 45 1024 255 420 427 434 508 571 591 597 601 606 612 614 621 622 625 631 642 648 658 662 663 666 667 669 676 681 682 685 697 702 710 726 727 731 732 785 799 817 852 853 867 876 879 944
207 16 30 255 295 434 571 575 597 601 612 621 622 632 646 658 662 663 666 670 674 677 682 694 699 716 731 732 746 747 757 828 840
207 17 21 255 571 573 574 611 612 625 631 642 646 648 649 664 667 671 674 677 716 757 876 923
207 19 47 1005 1010 1152 255 420 427 434 508 558 571 572 575 584 597 601 605 608 611 612 622 625 631 632 642 646 648 649 669 670 671 677 682 694 697 699 701 702 707 716 721 730 731 732 740 757 876 888
207 18 43 255 420 508 571 591 592 611 612 616 621 622 624 625 631 632 635 642 646 648 652 653 664 667 669 671 677 679 682 697 699 710 716 723 757 781 783 807 841 854 868 875 876 991
207 15 2 597 642
209 19 44 1010 1056 1059 1169 255 265 295 420 508 558 571 573 587 602 611 612 615 621 622 625 631 642 648 649 653 662 663 667 670 679 692 694 698 699 702 716 726 736 737 757 787 811 864 932
209 17 20 571 578 590 612 618 621 622 625 632 633 642 648 662 677 682 697 710 757 796 810
209 18 38 570 571 574 575 601 606 611 612 617 618 621 622 625 628 631 632 637 642 648 652 664 667 669 671 679 692 697 699 702 708 710 716 720 721 726 747 754 776
209 16 30 331 420 568 571 592 597 601 612 615 616 618 619 622 632 634 640 646 652 662 664 666 667 671 699 703 714 716 747 807 876
243 19 36 101 104 1045 105 1083 113 114 120 124 131 132 133 138 139 143 148 153 161 166 189 200 203 210 211 214 225 243 251 256 270 293 344 449 461 555 769
244 19 31 101 1012 103 1036 104 1045 111 114 120 132 134 139 143 148 153 164 166 198 204 206 213 220 225 253 260 270 284 293 303 305 555
245 19 32 101 103 1036 104 105 106 1066 108 111 113 114 121 131 132 134 148 153 164 165 166 189 200 201 207 213 220 251 256 286 293 417 963
