1 12 37 101 103 104 111 113 115 117 123 125 126 129 132 148 149 157 158 164 201 203 207 211 226 232 256 270 284 303 321 333 346 348 353 406 416 419 424 431
1 13 38 101 102 103 104 105 113 114 115 116 121 123 129 138 149 150 151 157 176 181 188 189 192 211 212 222 226 238 255 257 268 270 285 293 340 346 362 382 470
4 12 34 101 102 103 104 108 113 114 115 123 127 128 129 132 136 145 148 151 153 156 157 164 174 181 184 213 231 239 270 276 277 321 353 413 440
4 14 57 101 103 104 105 108 111 113 114 115 116 117 118 119 120 123 128 129 134 144 147 148 149 153 157 164 166 170 174 179 180 185 189 203 207 211 220 222 225 226 230 237 239 250 270 276 283 295 324 333 334 359 393 408 447 490 510 524
4 16 39 101 102 103 104 105 113 114 120 130 132 134 135 138 143 147 148 151 152 153 157 162 163 165 188 201 211 225 231 246 248 284 289 295 296 313 314 316 323 446
4 13 35 101 102 103 104 105 111 113 114 115 117 120 123 129 134 148 151 153 157 164 165 179 185 188 189 200 207 220 237 270 272 304 313 326 362 449
4 15 39 101 103 104 105 108 113 114 115 123 130 148 149 153 157 163 164 165 166 174 179 184 185 188 189 200 211 226 231 239 247 270 274 284 295 315 344 359 488 542
4 17 36 101 103 105 111 113 114 120 121 123 125 135 143 148 149 157 163 166 188 189 200 203 211 230 275 290 293 301 345 362 376 449 456 462 542 609 927
4 18 53 101 1029 103 104 105 111 113 119 120 123 127 133 134 143 148 149 153 157 159 166 167 180 185 188 189 211 213 221 232 247 255 270 276 284 290 293 295 303 311 313 317 323 340 344 362 382 449 456 497 516 542 609 921
4 19 7 101 1041 1043 119 143 148 157
5 13 44 101 102 103 104 105 108 111 113 114 119 120 123 126 134 148 150 151 153 156 157 167 179 188 189 200 206 211 213 220 231 240 246 256 313 326 335 346 353 362 372 401 424 446 469
5 17 40 101 103 104 105 120 121 123 125 127 129 130 132 134 148 149 155 157 158 159 163 166 167 185 200 209 211 220 225 248 266 268 276 293 309 316 317 367 378 446 483
5 12 40 101 103 104 111 113 114 115 118 123 128 132 134 136 137 143 144 150 151 156 164 165 185 189 212 214 217 231 239 270 301 305 310 317 318 321 324 356 362 372 442
5 18 49 101 103 104 105 111 113 120 123 125 127 129 134 135 139 143 153 157 161 166 167 180 185 189 195 200 207 211 212 225 229 230 231 270 274 284 290 318 323 359 362 432 446 447 462 497 514 516 519 981
5 14 50 101 103 104 105 111 113 114 115 118 119 120 129 130 135 142 143 148 149 151 153 157 161 164 165 166 171 179 185 188 194 201 207 210 211 231 232 240 248 251 254 276 284 288 295 335 359 446 514 523 530
5 15 44 101 103 104 105 111 113 114 115 118 121 123 134 148 149 153 157 163 164 166 174 184 185 188 192 203 211 225 226 232 239 270 293 295 310 334 339 340 349 362 409 454 468 476 524
5 16 36 101 103 104 105 108 111 113 115 120 121 123 129 130 134 148 149 153 157 163 164 166 188 200 206 209 225 226 246 266 270 274 296 357 378 424 449
5 19 10 1035 105 113 157 166 167 180 200 201 220
17 17 52 101 103 104 105 111 113 114 118 123 125 130 132 134 148 153 157 163 164 165 188 189 195 200 207 211 212 213 220 222 225 240 252 268 270 280 290 300 301 309 311 313 324 335 346 359 382 422 449 457 496 629 914
17 13 38 101 103 104 105 111 113 114 115 116 119 123 129 132 133 136 138 143 157 158 162 179 181 185 189 214 226 270 280 324 335 348 372 424 476 492 494 499 502
17 18 49 1003 101 103 105 109 111 113 114 118 120 121 123 128 131 134 143 148 157 163 164 165 166 167 174 179 188 189 201 207 211 215 222 231 240 257 271 276 310 334 362 367 376 447 457 480 483 501 921 927
17 16 32 101 102 103 104 113 116 123 127 134 148 153 155 157 163 166 174 179 188 207 211 220 222 225 231 248 252 270 284 301 346 399 472
17 15 50 101 102 103 104 105 106 108 113 114 119 120 123 125 127 129 133 134 148 149 151 153 157 163 164 165 174 179 184 188 200 201 207 213 220 226 274 275 284 287 309 310 324 349 359 362 376 443 504 546 660
17 14 45 101 102 103 105 113 114 118 120 121 123 126 132 134 143 148 153 157 163 164 165 166 174 179 180 184 195 200 201 203 211 221 226 230 237 239 248 268 284 287 290 293 302 317 447 456
17 12 39 101 103 104 108 111 113 116 119 121 123 128 129 132 134 143 146 147 153 156 159 164 203 211 215 220 223 226 239 248 260 276 277 280 302 321 353 408 421 431
20 13 41 101 103 104 105 113 114 120 121 123 125 126 143 148 149 150 152 164 166 171 185 188 189 195 200 226 231 255 280 293 296 324 359 362 382 395 409 423 447 451 456 466
20 14 58 101 103 104 105 108 111 113 115 118 120 123 126 127 129 132 133 134 142 143 148 149 153 157 158 165 166 171 174 179 180 188 189 192 203 211 220 226 239 248 274 277 280 293 295 296 303 307 313 350 362 365 382 402 412 451 480 481 518
20 17 34 101 102 103 104 111 113 114 116 120 122 123 126 127 129 132 134 143 149 150 153 165 200 213 220 222 225 293 314 349 362 402 447 456 462
20 15 45 101 102 103 104 111 113 114 115 118 120 123 128 130 134 142 143 147 148 151 153 157 163 164 174 179 184 188 189 211 212 225 226 231 235 239 248 284 293 309 344 349 362 378 451 466
20 16 42 101 103 105 111 113 114 115 118 121 123 126 130 143 144 148 150 151 153 157 163 166 182 185 206 211 220 222 230 231 237 270 284 311 334 340 362 428 444 446 456 516 764
20 18 38 101 103 105 108 113 114 116 120 121 123 125 131 133 134 148 153 157 159 166 188 189 211 213 214 220 225 229 231 240 248 293 309 340 359 376 451 456 499
20 12 32 101 103 104 111 113 116 117 123 126 129 132 134 136 143 148 149 162 166 181 200 208 252 266 270 276 280 293 346 353 377 424 467
20 19 7 101 114 133 159 189 231 293
22 14 51 101 103 104 105 111 113 114 115 119 120 121 123 132 143 148 153 157 158 159 164 166 170 171 179 184 185 188 189 194 201 203 206 207 211 224 248 260 268 280 284 290 303 310 311 316 334 340 357 376 472 534
22 17 41 101 102 103 105 113 118 119 123 130 134 144 148 149 153 155 157 162 164 175 179 188 200 209 211 213 216 222 237 239 243 248 252 270 285 288 296 340 376 446 452 534
22 13 48 101 103 104 105 108 111 113 119 121 123 127 132 133 134 138 143 146 147 148 153 157 162 164 166 179 189 192 207 211 222 225 231 240 250 270 272 295 300 323 334 335 376 406 408 455 456 483 484
22 15 35 101 103 104 105 113 114 115 119 123 125 130 131 134 148 149 153 155 157 161 163 166 200 204 207 211 220 221 232 239 247 301 333 340 362 390
22 16 38 101 102 103 104 111 113 114 120 121 123 125 132 135 148 153 155 157 163 166 174 188 189 192 211 220 231 237 240 266 272 274 284 293 317 446 480 513 622
22 12 34 101 103 104 106 111 113 115 118 123 126 129 138 143 146 148 150 153 158 162 189 220 226 240 248 253 303 309 310 318 339 341 406 409 415
22 18 34 101 103 105 111 113 120 123 125 134 148 149 153 157 166 167 180 195 200 201 203 211 213 225 240 274 293 301 313 317 335 340 362 376 382
22 19 4 188 198 229 412
23 17 38 101 102 103 105 108 111 113 114 115 120 123 130 134 135 148 152 153 155 157 163 166 174 188 200 211 223 225 229 246 247 270 293 362 366 412 424 446 940
23 13 44 101 103 104 105 106 111 113 114 115 123 126 127 135 143 147 148 150 151 153 165 166 171 174 181 184 185 188 192 199 201 207 212 232 239 270 272 274 292 295 310 362 480 485 486
23 16 34 101 103 105 111 113 114 115 120 123 126 129 131 136 143 148 157 164 167 188 195 200 210 211 225 232 270 274 293 346 362 372 443 446 518
23 12 37 101 103 104 105 108 111 113 114 116 129 135 138 139 142 143 146 148 150 164 165 166 188 191 201 208 213 220 223 225 226 277 310 317 324 353 409 431
23 18 41 101 1017 102 103 105 111 113 120 123 130 134 148 153 157 165 166 174 179 180 185 188 200 201 211 212 213 225 255 260 272 276 284 295 303 326 359 362 376 432 446 995
23 15 39 101 103 104 108 111 113 115 120 125 129 143 148 149 153 157 164 166 181 184 188 189 192 201 211 220 225 248 260 270 276 301 309 340 401 455 456 457 522 536
23 14 34 101 103 104 105 111 113 114 115 116 126 127 129 138 143 148 153 157 164 174 184 188 192 195 201 207 210 211 220 237 340 345 362 389 472
24 13 53 101 102 103 104 108 113 114 115 116 119 123 125 129 132 134 143 148 149 153 155 161 162 164 166 174 185 188 189 201 220 231 239 252 257 259 266 270 272 277 280 284 300 303 316 326 332 342 348 388 401 447 456 469
24 15 38 101 102 103 105 108 113 114 120 123 129 148 149 153 157 159 163 164 165 179 181 184 189 200 211 220 231 232 246 268 295 309 314 324 334 393 452 457 538
24 18 48 101 102 103 105 111 113 114 117 120 121 123 125 133 134 148 149 153 157 161 163 164 166 175 180 185 188 189 195 211 212 213 215 225 270 272 274 290 293 301 303 309 340 359 362 382 449 921 996
24 16 32 101 102 103 104 105 111 113 114 116 120 123 126 128 130 134 153 157 166 167 174 200 210 222 231 246 290 310 311 317 362 381 981
24 17 42 101 103 104 105 113 114 120 121 123 125 129 147 148 149 157 163 166 185 188 190 200 201 203 206 211 212 220 225 231 246 248 270 293 301 309 334 340 359 362 424 513 609
24 14 45 101 103 104 105 111 113 114 115 118 125 127 132 143 148 149 153 157 163 164 165 171 174 188 189 200 201 207 211 239 240 276 277 280 284 292 324 340 346 357 359 412 443 450 499 529
24 12 32 101 103 104 108 111 113 115 121 123 125 129 132 134 135 143 148 154 162 166 174 181 189 220 232 266 276 280 306 309 318 353 453
25 14 34 101 103 104 108 111 113 114 120 123 129 134 138 143 148 153 157 165 174 189 200 210 211 220 237 250 270 290 293 333 359 376 385 406 458
25 16 37 101 103 104 105 113 114 116 118 119 121 123 127 128 130 132 153 155 157 163 164 166 167 181 189 198 208 213 220 221 224 230 270 276 277 290 326 546
25 18 39 101 103 105 113 116 119 121 123 125 130 132 139 148 149 153 157 163 166 185 188 189 201 213 215 220 231 232 248 272 276 277 301 311 334 372 399 432 446 495
25 15 43 101 102 103 104 105 111 113 114 119 120 123 128 129 132 134 148 153 157 165 166 167 174 179 181 188 189 201 207 212 220 235 247 272 277 313 340 346 359 369 376 382 401 487
25 13 51 101 102 103 104 105 108 113 114 123 126 134 136 138 143 146 148 149 153 156 157 164 165 181 184 188 189 191 195 200 203 211 222 226 238 250 258 260 270 276 277 293 303 317 321 324 326 369 412 451 474 493
25 17 38 101 102 103 113 114 116 120 123 126 128 129 130 133 135 143 148 155 157 161 167 174 179 188 207 211 220 231 239 240 266 295 309 340 399 426 451 483 958
25 12 34 101 103 104 106 111 113 115 123 128 129 134 136 143 148 152 166 181 189 200 215 224 239 255 257 270 277 280 293 342 376 391 395 406 448
26 12 15 104 111 113 115 116 119 123 129 148 188 228 235 255 284 348
27 13 34 101 103 104 105 111 113 119 125 126 132 136 144 148 150 153 157 164 171 189 192 203 211 214 239 240 260 270 280 333 357 359 451 458 492
27 12 37 101 103 104 111 113 116 118 123 129 132 134 143 148 153 158 164 166 181 189 211 220 239 255 260 276 284 346 352 353 382 389 402 405 406 438 455 464
31 16 32 101 103 104 105 113 114 120 123 129 132 148 149 155 157 158 163 166 174 179 180 181 189 211 220 221 235 237 255 290 302 345 372
31 14 43 101 102 103 104 111 113 114 115 116 118 119 123 126 127 128 130 131 148 153 157 166 174 180 188 189 192 194 201 203 209 212 239 247 287 335 346 365 376 382 419 458 505 532
31 12 26 101 111 113 115 118 123 125 126 129 132 143 158 188 211 239 248 255 270 340 353 389 395 402 405 439 451
31 13 44 101 103 104 105 108 111 113 114 115 121 123 126 143 148 149 150 153 155 157 163 164 170 171 174 179 181 189 211 231 239 250 261 270 276 293 296 318 319 334 413 451 480 484 501
31 15 35 101 103 105 108 111 113 114 116 120 129 130 133 134 148 155 157 159 166 180 181 188 209 221 225 252 270 303 310 362 372 375 376 402 513 545
31 18 41 101 102 103 105 111 113 116 118 121 123 124 125 130 133 134 139 142 148 149 153 157 166 179 180 185 188 201 211 213 225 240 246 270 284 334 337 340 376 382 408 513
31 17 36 101 102 103 105 111 113 114 116 120 123 127 130 134 148 155 157 174 182 185 188 200 211 212 220 232 248 284 288 291 301 311 315 349 359 483 922
31 19 11 101 1041 113 134 155 157 188 231 382 391 769
50 12 20 101 103 104 108 111 113 123 126 132 134 169 174 189 276 311 331 358 363 406 420
52 15 34 101 102 103 105 111 113 114 116 121 123 125 129 130 132 148 153 157 166 175 179 200 220 235 237 239 257 260 284 295 313 375 408 451 468
52 13 45 101 102 103 104 105 113 114 116 119 123 125 126 129 132 134 136 143 148 149 153 157 158 164 174 179 180 192 195 200 214 226 239 258 260 268 276 289 295 311 330 334 348 359 468 498
52 14 53 101 103 104 105 111 113 114 116 120 121 123 125 127 129 130 132 134 143 147 153 157 158 161 164 165 172 174 179 180 181 189 203 211 212 220 235 237 239 255 260 270 276 293 303 306 315 328 333 335 346 359 449 500
52 16 38 101 102 103 104 105 113 115 120 121 123 126 129 131 134 148 149 153 157 159 163 166 185 186 188 204 211 221 225 248 251 270 284 293 310 315 510 562 842
52 12 32 101 103 105 111 113 115 123 132 136 166 181 195 201 211 232 239 256 270 272 276 277 287 292 321 346 351 353 368 433 434 436 449
52 17 42 101 103 104 105 113 114 116 118 120 123 125 130 134 135 143 148 157 159 163 166 188 200 211 218 220 222 225 238 248 284 295 359 362 375 432 435 446 482 516 542 921 960
52 18 40 101 102 103 105 106 111 113 114 120 123 131 134 143 148 149 153 157 164 166 167 180 188 200 211 212 225 231 270 290 293 295 309 317 334 340 359 362 446 447 462
52 19 1 133
58 12 1 252
110 19 44 1075 420 427 558 571 573 574 587 592 597 601 602 608 612 615 621 625 631 632 648 653 661 662 664 669 671 674 681 683 694 708 714 721 726 757 783 815 817 854 861 879 916 943 948
110 18 28 570 571 592 597 606 608 621 624 625 648 658 662 666 671 677 682 686 694 736 758 769 815 849 854 870 916 980 994
110 16 34 570 571 592 602 606 608 612 618 621 622 624 625 631 632 642 646 652 661 664 669 672 677 682 694 697 702 710 714 715 716 719 779 812 824
110 17 31 140 508 568 571 575 591 592 608 611 612 618 631 633 635 636 642 648 649 653 662 664 674 677 682 694 699 701 708 715 747 941
110 15 6 592 605 611 622 692 728
111 19 29 1010 1068 434 508 568 571 573 574 601 625 631 635 642 648 662 667 679 680 692 713 716 735 736 757 758 762 788 852 908
111 18 47 420 434 569 571 575 590 592 601 611 612 618 624 625 631 637 642 648 649 652 662 663 664 669 671 677 679 692 696 713 715 716 720 723 733 736 747 748 757 762 783 795 841 852 854 868 884 908
111 17 22 571 574 587 601 602 608 611 612 615 621 622 625 632 642 648 670 694 770 792 830 867 944
111 16 20 140 571 575 608 621 622 625 631 637 652 658 677 697 715 721 747 753 766 767 826
111 15 3 608 616 664
115 18 32 140 420 434 571 575 605 612 617 621 625 631 648 659 661 662 663 664 666 671 677 682 713 714 718 747 748 794 802 804 853 976 978
115 19 42 1016 1044 1069 1122 1132 140 255 420 568 573 574 575 597 601 603 605 608 611 612 623 625 632 644 648 652 664 674 677 679 682 695 707 716 720 721 757 819 853 867 884 908 944
115 17 29 568 571 573 574 578 591 608 611 612 617 621 622 625 648 649 654 663 669 670 672 677 682 683 701 745 756 762 778 890
115 16 31 255 569 571 587 592 602 606 612 618 621 622 623 625 632 637 646 647 648 662 664 670 674 677 696 697 714 730 737 778 804 853
115 15 5 618 621 673 723 727
116 17 21 571 575 587 601 608 611 614 615 622 625 640 649 652 677 679 721 734 736 747 838 908
116 19 38 1102 1109 1125 569 571 573 574 592 597 601 622 624 625 640 648 649 653 662 663 664 670 671 674 676 677 682 683 715 722 726 731 762 787 802 807 861 908 916
116 16 31 140 255 420 508 575 601 608 612 618 619 621 622 625 630 631 648 652 654 661 662 664 669 670 671 677 682 697 699 732 839 840
116 18 36 427 434 571 575 587 590 592 605 608 612 622 625 631 637 640 652 663 664 667 669 677 682 697 713 732 733 736 748 757 784 812 850 868 908 978 992
116 15 3 619 622 708
119 17 21 434 568 571 601 608 611 612 615 617 622 631 649 661 662 670 671 713 715 736 747 758
119 19 44 1010 1075 1138 1148 420 427 434 558 571 573 574 597 608 612 614 621 622 625 631 632 635 648 652 653 664 671 674 677 679 699 715 737 749 770 771 782 799 817 824 825 854 864 916 978
119 18 29 571 573 574 601 603 612 614 621 622 625 648 652 653 662 664 671 674 679 716 747 758 766 804 823 867 908 929 930 978
119 16 34 140 434 472 571 608 612 614 615 617 618 621 622 625 632 637 644 648 649 658 662 667 669 670 677 683 699 713 723 736 742 752 784 795 807
119 15 3 612 623 625
120 16 19 571 608 621 622 625 631 634 648 649 667 669 671 677 714 736 766 799 807 854
120 19 36 1040 1066 255 274 420 434 569 571 573 574 575 587 592 608 622 625 631 632 640 642 648 658 664 665 670 671 674 677 682 707 721 731 735 753 781 804
120 18 28 331 434 573 574 595 608 611 612 621 622 625 637 648 661 664 670 674 677 707 714 720 736 747 748 763 777 788 807
120 17 34 420 571 573 574 587 595 601 608 611 612 618 622 625 637 646 648 649 654 661 677 679 682 714 723 734 745 748 753 804 810 854 868 873 926
120 15 3 575 622 624
124 19 35 1010 1075 1106 420 508 571 573 574 597 605 611 612 630 631 632 640 643 644 648 662 667 674 677 682 702 714 715 730 757 778 807 836 861 909 916
124 18 35 420 427 434 571 573 574 592 601 611 612 622 625 631 632 644 648 650 658 663 664 669 670 673 677 697 713 715 716 747 778 804 826 890 937 978
124 17 22 427 568 569 571 575 602 608 611 612 617 622 635 637 649 664 669 670 677 733 758 803 812
124 16 19 569 571 575 608 611 612 614 617 622 625 628 631 632 670 677 697 699 714 788
124 15 7 601 606 612 617 631 715 725
141 19 36 1022 1052 1070 1075 1096 1109 331 420 434 472 569 573 574 592 597 601 616 625 640 644 648 649 658 674 677 697 710 714 757 762 771 776 817 908 916 978
141 17 28 570 571 573 574 592 608 611 612 617 622 624 625 632 637 649 658 661 664 674 677 682 715 722 748 749 812 890 938
141 18 34 434 571 573 574 575 590 592 601 608 611 612 615 621 622 624 625 648 651 652 664 671 674 676 677 682 688 707 722 762 789 797 804 807 908
141 16 28 295 569 570 571 575 578 587 592 608 612 614 618 622 625 632 635 648 649 658 670 677 694 697 710 760 781 789 798
141 15 4 255 592 625 674
142 17 39 140 427 508 569 570 571 575 601 602 608 612 621 622 624 631 632 640 642 648 649 652 654 658 659 663 664 666 667 669 672 677 679 810 817 882 890 892 946 968
142 19 48 1040 1052 1059 1066 1142 1151 255 558 570 571 573 574 578 592 595 597 608 612 621 622 625 631 632 648 649 653 658 662 670 672 674 677 679 682 699 716 717 720 731 736 753 757 775 788 817 836 852 916
142 18 38 420 427 571 592 597 601 605 608 611 613 618 621 624 625 644 648 653 662 664 672 674 677 682 692 731 736 758 763 783 784 788 793 809 816 817 853 855 889
142 16 36 420 568 569 571 605 606 611 612 615 622 624 631 642 648 652 655 659 662 663 664 669 677 682 683 709 720 721 732 753 763 775 788 792 815 861 872
142 15 3 591 612 632
143 18 35 420 569 571 575 591 592 612 621 625 631 648 649 653 662 664 669 671 674 692 694 695 710 720 722 727 732 746 757 762 766 830 838 908 962 983
143 19 48 1040 140 508 558 570 571 573 574 575 587 592 595 603 615 616 619 621 623 625 632 635 640 653 656 662 664 667 671 674 692 694 697 710 726 732 753 757 771 775 782 824 849 850 856 888 909 916 966
143 16 19 569 571 573 574 575 591 592 608 611 618 622 625 669 670 674 677 697 747 834
143 17 31 147 427 568 571 573 574 578 592 608 624 625 642 648 649 652 654 659 661 662 664 669 674 677 679 697 733 757 768 783 835 862
143 15 3 622 664 669
144 16 19 434 571 575 601 606 612 625 637 640 646 649 664 674 677 699 716 737 780 785
144 17 24 568 571 605 608 611 612 618 622 625 632 648 649 652 662 669 677 711 715 734 745 752 762 788 802
144 19 36 1040 1063 1148 420 427 434 508 571 575 591 592 597 601 616 625 631 634 635 642 648 652 653 662 663 664 670 677 681 682 720 731 746 753 757 782 801
144 18 33 420 427 569 571 575 587 590 597 601 606 612 616 621 622 625 631 632 640 649 658 661 671 674 677 683 703 710 713 714 788 795 807 978
144 15 5 608 612 617 652 687
145 17 30 140 331 571 573 574 591 592 601 608 612 622 624 625 631 632 640 648 664 670 674 694 699 710 737 788 802 809 892 938 964
145 19 58 1005 1010 1040 1063 1065 1069 1096 1106 1117 434 508 558 571 573 574 575 587 592 601 603 611 615 622 623 625 630 631 632 634 635 640 644 648 652 667 669 671 674 682 683 692 699 708 710 726 731 756 757 769 770 781 782 784 788 832 855 857 916
145 18 44 1009 427 569 571 575 592 601 606 608 612 615 616 624 625 631 632 640 648 652 662 663 664 666 667 669 670 671 674 684 692 694 699 710 757 776 783 788 819 836 841 888 908 911 918
145 16 24 570 571 600 601 608 613 614 622 625 632 642 648 649 653 662 664 669 674 677 684 692 736 753 804
145 15 7 571 606 622 631 640 658 674
146 18 46 1006 427 571 575 587 591 592 601 611 612 618 621 622 625 627 632 642 644 648 661 662 669 670 671 674 683 692 707 708 714 720 722 747 757 770 771 789 791 841 849 851 869 908 941 943 966
146 16 22 420 569 571 592 603 605 606 608 619 621 622 631 642 662 669 674 677 679 697 721 811 887
146 17 36 140 472 508 569 571 573 574 592 602 606 608 611 612 621 622 625 630 631 632 646 648 649 652 663 664 669 677 679 692 694 716 747 779 788 952 957
146 19 38 1005 1010 1034 1040 1069 1096 434 569 571 573 574 575 592 608 615 622 625 632 648 662 669 671 674 676 677 679 681 682 713 789 804 820 852 855 864 896 916 917
146 15 2 622 670
148 18 44 1006 1009 427 570 571 573 574 575 592 606 608 614 621 624 631 634 640 642 648 652 664 671 674 677 679 697 718 720 723 726 731 733 736 748 757 770 784 795 801 892 908 936 989 997
148 17 39 140 420 568 571 575 592 595 608 612 618 622 625 632 637 648 662 664 669 670 671 674 677 679 688 692 697 702 710 714 722 731 733 752 757 768 775 825 868 943
148 16 26 569 571 578 601 612 614 618 622 624 625 632 634 637 642 648 649 652 664 674 677 714 721 748 824 825 838
148 19 53 1096 420 508 558 571 573 574 575 578 592 597 601 603 606 608 614 621 624 625 627 630 632 644 648 652 653 654 657 664 671 674 677 681 694 695 697 708 710 715 736 745 748 756 769 783 788 810 817 834 838 873 879 916
148 15 4 622 652 675 679
149 17 32 265 427 434 573 574 578 592 597 608 621 622 624 625 632 637 642 648 649 650 652 669 677 694 710 722 724 757 776 784 855 892 919
149 18 32 427 571 575 592 595 612 621 622 624 625 632 642 646 648 662 664 671 672 677 694 716 753 757 768 782 784 807 817 841 884 908 943
149 16 23 571 572 575 601 602 621 622 624 625 628 631 632 640 642 649 677 692 735 741 748 771 778 810
149 19 29 1016 1070 1122 441 571 573 574 587 592 601 608 612 621 625 632 648 664 671 672 674 677 682 683 694 699 713 757 788 789
149 15 8 420 571 608 625 674 694 698 700
150 17 29 508 571 590 591 608 612 618 621 622 625 640 644 648 649 652 654 664 677 683 697 699 701 703 721 739 745 758 795 843
150 16 27 420 568 571 575 601 608 611 621 622 624 625 648 649 652 654 658 662 670 674 677 697 710 714 715 732 779 850
150 18 34 571 573 574 575 587 591 592 601 608 611 618 621 625 637 648 652 653 669 670 671 677 681 694 699 703 710 747 758 817 836 841 864 908 916
150 19 31 1167 140 427 434 508 569 571 573 574 592 601 608 618 625 631 632 640 644 648 664 670 677 710 715 716 726 769 791 838 908 916
150 15 4 571 575 652 692
154 16 27 420 434 605 608 611 612 615 618 621 622 623 624 625 634 642 670 674 677 682 720 732 752 753 766 788 795 855
154 17 42 140 295 420 434 570 571 572 573 574 592 606 608 611 612 618 621 622 624 625 633 635 648 649 662 664 667 670 674 677 694 710 714 720 722 745 754 757 775 788 822 834 912
154 15 4 631 662 674 677
154 19 48 1005 1016 1042 1075 1096 1122 1134 1147 427 508 558 568 571 573 574 575 587 601 617 621 625 631 635 640 644 648 653 671 676 679 682 694 695 703 706 716 731 736 743 757 778 804 812 828 861 912 916 971
154 18 36 420 570 571 573 574 575 601 608 612 621 622 624 625 632 640 648 649 662 664 674 677 694 708 710 716 736 740 757 777 788 819 828 850 888 916 935
155 18 40 1006 1013 140 571 575 584 587 592 601 608 612 616 624 630 631 632 634 635 640 644 648 651 653 661 664 670 671 677 679 692 716 722 732 736 739 757 853 854 935 983
155 19 31 1034 255 569 571 573 574 587 597 606 608 612 625 630 648 653 654 663 664 665 673 681 694 708 721 722 726 731 777 824 854 916
155 17 28 420 568 571 573 574 587 608 611 612 624 625 631 640 649 651 652 653 664 677 682 701 731 757 788 807 824 832 853
155 16 30 420 434 571 572 573 574 587 592 614 618 622 624 625 630 632 640 642 654 662 663 664 669 676 677 679 699 701 792 799 849
155 15 7 625 628 642 662 664 677 714
156 16 28 571 587 605 612 614 618 622 625 642 653 663 671 672 677 679 694 697 721 732 747 748 791 796 797 810 861 864 869
156 17 39 420 427 508 569 573 574 575 587 592 608 611 622 624 625 642 648 652 662 663 666 669 671 674 677 682 694 697 714 718 757 788 795 810 853 854 864 908 917 943
156 19 43 1010 1052 1075 1096 427 568 571 573 574 575 592 595 608 618 621 624 625 644 648 653 661 662 664 669 671 677 679 682 695 715 731 736 757 762 788 810 853 864 908 916 942 950 989
156 18 37 427 472 571 575 591 592 601 602 608 622 632 642 648 654 662 663 664 671 674 677 679 683 692 699 710 718 736 749 753 757 783 784 836 838 854 859 892
156 15 4 605 632 649 715
158 19 35 1009 1096 420 427 434 508 571 573 574 575 592 601 608 615 616 618 622 625 634 640 644 649 666 671 677 679 694 710 713 732 757 804 908 916 976
158 16 34 255 420 569 570 571 578 605 612 618 621 622 625 634 637 640 642 648 649 654 661 663 664 670 671 694 699 703 710 715 725 753 776 859 885
158 18 39 427 434 569 571 573 574 578 592 608 611 618 621 622 625 649 652 662 664 669 671 674 677 679 682 710 714 732 736 748 778 783 795 804 830 840 841 916 943 978
158 17 18 434 571 578 595 601 608 617 621 622 625 643 648 649 661 670 677 726 802
158 15 5 420 640 642 677 724
159 18 43 420 427 569 571 573 574 575 584 592 601 605 608 612 618 625 631 648 649 662 663 664 666 670 671 677 679 694 697 710 715 731 737 739 747 766 771 804 830 888 908 913 916 975
159 17 29 420 441 569 571 575 587 608 612 613 615 622 624 625 631 642 648 649 652 677 697 708 716 720 733 736 796 807 843 911
159 19 26 1010 420 434 573 574 592 597 601 608 624 625 632 648 674 677 682 694 713 716 723 731 766 804 908 916 939
159 16 25 229 420 571 573 574 587 592 601 621 622 625 631 635 642 648 649 651 658 661 667 671 679 688 697 855
159 15 4 569 622 694 719
160 18 45 427 571 575 592 595 601 608 611 618 624 625 628 632 644 648 652 654 656 662 664 665 669 674 677 679 694 697 701 702 710 715 728 732 748 750 757 769 807 824 825 841 854 916 942 943
160 17 28 571 572 573 574 592 608 612 621 624 625 637 642 644 648 652 664 670 674 677 689 692 715 733 758 779 824 908 943
160 19 35 1010 1130 434 508 571 573 574 575 592 601 608 612 618 621 644 648 662 664 666 669 671 677 681 682 703 769 788 809 838 855 879 916 926 983 994
160 16 22 420 569 571 601 608 611 612 621 622 624 646 650 658 664 670 677 692 697 714 721 725 732
160 15 4 622 658 669 670
161 17 27 569 571 573 574 592 608 622 624 625 632 640 648 651 661 662 663 670 671 676 677 684 693 745 779 804 910 962
161 19 39 1040 1096 420 558 569 571 573 574 575 591 592 602 606 621 622 625 631 648 653 664 669 671 674 679 682 710 713 716 726 731 745 783 784 807 853 908 916 942 943
161 18 34 1011 1014 147 570 571 573 574 575 587 592 605 622 631 632 642 643 648 661 662 663 670 674 679 692 716 753 782 788 850 857 861 916 935 938
161 15 4 617 622 654 658
161 16 20 569 571 575 584 605 608 612 622 624 625 631 663 664 670 674 677 697 752 789 841
163 16 27 420 558 591 592 601 606 608 612 622 625 631 642 648 669 671 677 683 694 695 697 713 721 737 757 810 836 882
163 17 31 571 575 601 608 612 617 621 622 623 624 625 648 649 652 654 662 664 677 682 694 698 708 722 757 825 853 861 882 892 894 928
163 19 45 1075 427 434 508 571 573 574 575 592 601 608 615 618 625 630 631 644 648 649 652 653 654 658 664 667 670 674 677 679 681 682 692 703 713 722 731 736 757 769 771 788 824 916 939 954
163 18 31 571 573 574 575 592 601 608 611 612 618 624 625 632 648 661 664 677 682 713 731 757 770 811 822 854 856 868 869 916 939 987
163 15 6 597 622 642 662 679 702
165 19 52 1010 1072 1087 508 558 571 573 574 575 578 587 591 592 597 601 603 608 618 621 625 640 642 648 652 662 663 664 670 671 674 681 687 692 694 703 708 713 718 736 737 747 748 757 784 788 810 836 838 879 888 916 998
165 16 27 420 571 591 601 606 611 612 624 634 648 652 662 664 670 671 674 677 679 682 697 716 763 792 822 829 851 852
165 18 40 1028 427 434 571 575 592 594 597 601 608 611 614 618 624 625 631 632 634 646 662 673 677 679 681 692 713 716 730 746 748 762 782 788 795 809 836 854 908 966 971
165 17 38 140 420 434 571 573 574 592 608 611 612 615 622 623 624 625 634 646 648 649 652 662 667 669 670 671 677 682 703 713 715 753 762 788 839 843 855 898 919
165 15 2 612 622
166 17 24 508 570 571 578 608 612 622 624 631 648 654 664 670 676 677 682 699 732 745 747 755 762 785 852
166 18 39 420 434 508 569 571 575 587 591 592 601 603 608 612 621 625 631 640 648 649 664 669 671 674 677 697 699 702 713 716 745 773 788 799 804 832 855 867 976 978
166 19 31 1042 420 434 508 571 575 592 601 608 611 624 625 631 632 648 649 653 658 662 674 682 694 699 713 716 788 802 823 852 976 980
166 16 24 570 571 575 587 601 608 611 612 614 618 621 622 632 634 635 646 648 658 710 711 715 730 788 826
166 15 1 686
167 17 24 571 592 608 614 618 625 632 648 658 661 662 663 666 673 677 723 747 753 757 812 820 908 923 942
167 16 31 255 569 571 584 587 601 603 608 611 612 618 622 625 631 646 658 661 662 663 669 674 677 682 697 716 723 742 748 754 791 836
167 19 41 1070 140 255 434 569 571 573 574 591 592 597 601 606 621 622 623 625 630 640 648 649 654 658 661 662 664 670 674 677 701 702 753 769 782 789 804 825 908 910 916 942
167 18 38 1016 434 571 573 592 601 608 611 612 621 622 625 631 632 637 640 644 648 649 661 664 671 677 683 711 713 723 747 757 773 788 804 824 840 868 913 976 991
167 15 2 571 677
168 19 48 1007 1010 1040 1084 1134 420 434 441 571 573 574 575 587 592 597 603 608 612 621 622 625 632 642 648 652 663 669 671 674 677 682 694 695 697 713 716 733 753 757 758 788 824 825 864 908 916 931 971
168 16 28 140 218 570 605 612 616 621 622 625 632 636 640 649 652 655 661 664 674 676 695 714 716 721 759 787 802 819 821
168 18 34 420 569 571 573 574 587 592 606 624 625 628 630 632 640 644 648 651 653 654 661 669 674 677 679 708 757 775 788 791 807 849 919 966 992
168 17 32 218 569 571 575 592 601 608 615 616 621 622 630 632 637 640 648 652 662 663 664 669 670 677 694 710 722 757 762 788 824 908 928
168 15 5 612 640 679 689 715
169 19 38 1005 1049 1059 1143 434 508 571 573 574 591 592 603 608 621 625 631 648 653 662 671 674 677 682 683 695 699 708 710 727 736 757 762 778 792 810 864 908 916
169 18 31 571 592 611 612 621 622 625 632 642 644 648 649 662 664 665 669 670 671 674 677 679 694 708 718 727 747 763 778 868 942 994
169 16 16 441 571 573 574 601 605 612 622 640 642 661 669 670 693 716 747
169 17 21 570 571 608 612 621 622 624 625 631 632 648 649 651 664 669 674 677 707 778 782 861
169 15 1 606
171 17 28 571 573 574 575 592 601 608 612 617 621 622 624 625 631 632 640 648 664 669 674 694 703 715 716 757 808 868 956
171 18 45 1005 140 420 427 508 571 575 592 601 608 611 612 621 624 625 628 631 632 634 642 648 662 665 670 671 682 692 697 699 708 710 713 714 720 722 752 753 757 769 795 819 942 979 980 992
171 19 49 1068 1136 420 434 558 570 571 573 574 575 592 597 608 612 621 623 625 632 633 647 648 653 658 659 661 664 669 671 674 677 682 699 703 713 714 720 726 731 757 771 778 788 825 832 853 889 916 935 939
171 16 20 571 597 601 612 622 624 625 637 646 654 664 670 674 677 697 710 748 752 766 819
171 15 2 605 640
172 17 32 427 571 587 592 601 608 611 617 624 625 631 632 642 648 649 662 663 666 669 671 677 682 698 714 753 757 770 777 807 810 853 867
172 16 25 508 571 602 605 608 611 612 621 622 624 632 642 648 649 653 662 664 669 677 679 694 697 747 802 843
172 18 26 1001 571 573 574 575 587 592 597 608 618 624 625 631 632 643 648 664 671 677 679 682 692 694 697 757 916
172 19 39 1044 1055 1063 1137 147 420 508 571 573 574 591 592 608 615 616 618 621 622 625 631 635 662 671 677 682 687 693 706 713 731 736 757 776 789 824 836 853 864 916
172 15 5 569 631 652 658 679
174 17 31 140 434 587 592 608 612 615 622 632 634 640 642 648 649 663 664 667 674 677 679 682 700 715 716 747 778 810 856 890 941 972
174 18 40 1007 1008 420 427 571 573 574 592 601 602 608 611 615 621 625 631 632 634 642 648 649 663 670 677 694 707 716 718 726 731 733 746 757 763 771 782 796 797 939 977
174 16 16 331 571 592 608 614 622 625 634 652 653 674 677 697 762 778 809
174 19 55 1040 1049 255 265 434 571 573 574 575 585 591 597 601 603 608 614 621 625 631 635 642 648 650 652 653 662 664 670 671 677 682 683 692 694 699 703 708 710 713 720 731 747 753 757 762 782 797 824 825 836 852 908 916 946 976
174 15 7 434 630 664 674 680 692 704
175 17 30 140 569 571 575 591 608 618 622 624 630 648 649 652 654 662 669 670 674 677 679 702 703 713 715 716 730 757 815 849 866
175 16 25 255 420 569 571 573 587 601 602 608 612 614 618 621 622 624 625 652 664 706 714 721 745 807 840 874
175 19 39 1005 1010 1040 1049 1059 1100 140 420 568 571 573 574 575 592 597 608 621 622 625 630 631 632 634 640 644 648 654 662 664 671 674 694 710 713 731 788 824 916 962
175 18 38 420 427 571 573 574 591 608 621 622 624 625 631 632 642 644 648 649 654 669 671 672 677 680 681 682 692 694 710 713 726 753 757 782 848 851 916 974 988
175 15 1 587
177 19 48 1010 1028 1096 1117 140 420 558 571 573 574 575 584 590 591 592 603 608 611 614 630 648 650 657 662 664 665 671 674 677 679 682 683 694 697 699 703 713 731 737 752 757 812 838 871 916 937 978 986
177 16 22 571 587 608 618 622 624 625 642 648 652 664 665 669 671 674 682 694 697 722 747 793 794
177 18 51 434 508 571 573 574 575 587 591 592 601 602 614 615 618 621 625 631 632 640 648 654 658 661 662 671 674 677 679 682 683 692 694 699 708 710 713 757 762 763 788 807 810 823 851 853 872 892 896 908 916 966
177 17 28 420 571 573 574 578 606 608 625 634 642 652 662 663 664 671 677 694 699 703 713 716 753 757 758 804 811 931 939
177 15 6 569 622 642 670 718 726
178 17 42 140 434 508 568 571 573 574 592 595 611 612 622 624 625 633 634 640 644 648 649 662 664 666 670 677 681 682 714 721 722 730 732 733 745 835 855 867 890 905 908 918 967
178 19 54 1002 1005 1010 1040 1044 420 434 568 571 573 574 575 592 595 601 608 624 625 631 632 635 640 648 653 662 663 664 665 669 674 677 679 682 692 694 703 713 716 722 726 731 736 757 762 769 778 779 788 794 853 884 888 916 941
178 18 42 255 569 571 573 574 575 592 601 605 608 615 621 623 625 628 631 632 640 642 644 648 664 665 669 674 677 684 687 692 702 709 713 722 750 757 783 807 809 873 908 916 999
178 16 23 434 571 574 575 611 617 621 627 631 632 642 648 663 670 674 679 723 747 780 796 830 861 890
178 15 3 622 694 722
179 18 28 1023 420 571 575 592 603 615 624 625 632 634 642 648 662 663 677 679 680 695 697 722 726 733 757 758 854 861 987
179 17 27 508 569 571 572 573 574 606 608 611 612 615 622 624 625 642 648 662 664 669 677 679 688 709 711 756 861 908
179 19 38 1005 1096 1109 427 558 571 573 574 575 592 601 603 608 618 625 632 648 651 652 662 672 674 677 679 694 710 715 716 731 757 769 848 853 864 884 888 916 933
179 16 24 571 591 608 615 621 622 625 630 640 642 648 649 652 654 669 674 677 697 732 752 753 769 791 796
179 15 4 622 631 658 696
180 16 28 140 571 591 606 611 612 617 622 624 637 640 644 649 652 661 663 674 677 697 701 702 770 799 815 839 843 862 884
180 19 57 1001 1005 1010 1040 1046 1055 1068 1075 1096 508 558 571 573 574 575 587 591 592 602 608 621 622 625 630 631 632 634 640 644 648 661 662 666 669 671 674 677 679 682 683 694 731 737 757 777 787 815 817 850 852 853 867 868 873 916 939 994
180 18 39 317 508 569 571 573 574 575 587 601 611 614 615 621 622 624 625 642 644 648 651 653 661 662 669 671 672 674 677 692 748 757 771 784 788 853 855 861 916 979
180 17 25 255 427 508 571 574 575 608 614 622 624 625 637 642 663 664 669 677 694 701 716 720 757 763 788 817
180 15 4 649 674 697 706
182 16 25 568 571 587 601 608 611 612 614 616 621 622 625 631 634 640 664 669 695 697 698 715 736 753 783 833
182 19 37 1010 1059 1066 1075 420 427 434 568 571 573 574 575 592 601 608 612 623 625 640 648 649 662 671 674 677 679 695 698 716 721 771 783 788 804 872 976 978
182 17 27 508 568 571 591 592 608 611 612 616 622 624 625 632 648 653 662 664 669 670 674 677 679 697 715 716 745 747
182 18 33 420 434 571 573 575 601 608 611 612 614 622 625 644 648 652 657 658 662 664 670 671 674 677 679 697 715 716 720 731 733 748 763 788
182 15 2 642 666
183 17 38 255 265 434 569 570 571 573 574 578 597 608 617 622 624 625 631 632 642 648 649 658 664 669 670 676 677 682 694 698 713 715 721 736 737 781 785 795 839
183 18 33 434 571 573 574 575 592 601 605 611 614 621 622 627 630 640 648 652 664 669 672 677 682 683 701 713 757 762 804 825 838 898 976 991
183 16 29 140 571 587 602 606 611 612 618 621 622 624 625 642 643 649 658 671 674 677 682 692 699 716 722 736 739 754 788 810
183 19 43 1010 255 434 508 571 573 574 592 597 601 608 612 622 625 632 652 663 670 671 674 679 682 686 694 697 713 716 717 723 726 733 736 737 771 791 811 819 825 850 868 908 946 992
183 15 4 662 677 694 713
184 16 31 140 568 571 597 601 611 612 615 618 621 622 625 628 634 642 648 649 658 662 667 670 671 674 677 697 715 716 718 840 857 888
184 17 29 140 420 569 570 571 575 587 592 595 602 608 612 624 625 631 648 649 653 662 666 670 671 677 688 694 715 748 923 944
184 18 31 1022 420 427 571 575 578 587 601 606 608 611 612 618 621 622 631 637 644 648 662 664 666 669 677 721 732 779 807 839 852 930
184 19 32 1075 1096 1117 420 474 571 573 574 578 591 612 625 631 632 648 653 662 670 672 674 682 689 714 724 753 791 838 867 878 916 983 994
185 18 28 147 420 592 597 608 612 618 622 624 625 631 632 640 648 663 664 666 669 670 674 677 682 694 713 731 815 826 879
185 17 26 140 420 568 571 592 608 621 624 625 640 642 646 648 649 652 654 663 664 674 677 681 713 716 784 811 855
185 16 30 255 420 570 571 575 597 611 618 622 624 625 637 642 646 664 670 674 677 697 699 721 743 748 749 750 766 785 801 826 868
185 19 41 1040 1044 1059 1063 1070 140 434 558 571 573 574 592 597 602 615 625 630 631 632 648 653 662 671 674 680 682 699 714 733 736 748 757 776 778 788 850 864 908 916 942 998
185 14 1 850
185 15 1 601
186 18 37 573 574 578 592 606 608 610 615 617 621 622 624 625 631 632 636 637 648 649 652 657 658 662 663 664 677 682 683 694 732 736 788 794 807 851 909 985
186 17 32 571 573 574 578 601 602 608 616 618 621 622 625 631 644 648 649 652 657 669 670 673 677 682 697 716 723 757 796 853 866 916 933
186 19 44 1010 1046 1111 1114 1137 420 434 508 558 573 574 592 601 612 614 615 616 625 630 631 637 640 644 648 663 667 670 671 676 677 682 699 703 720 752 762 776 812 823 850 852 916 942 946
186 16 25 140 571 572 601 605 608 611 618 621 622 624 625 649 651 652 658 659 677 694 710 711 789 792 828 832
186 15 2 612 625
187 18 37 571 575 592 595 601 608 612 614 621 624 625 631 632 634 648 649 653 658 661 672 677 688 697 713 722 732 783 788 789 795 796 802 807 830 848 916 953
187 17 30 255 508 568 571 592 601 608 611 612 621 622 624 625 632 642 649 661 664 669 671 677 682 683 702 716 766 788 816 868 943
187 16 23 218 441 570 571 597 601 618 621 622 625 631 634 637 646 652 671 674 721 782 791 827 855 870
187 19 31 1010 1129 434 570 571 573 574 575 592 612 622 625 648 651 652 653 658 661 662 663 667 669 671 674 682 699 717 770 908 916 923
188 17 24 427 508 569 571 587 608 612 617 622 625 648 649 651 654 661 664 671 677 710 720 762 767 778 817
188 19 37 1069 1137 1160 218 571 573 574 578 597 601 618 622 632 640 644 648 653 662 664 666 674 677 682 689 696 710 715 716 726 727 732 777 783 815 840 890 946
188 16 28 255 571 575 578 601 605 608 611 615 618 621 622 624 632 634 648 649 652 653 658 664 670 674 677 715 736 810 819
188 18 24 508 571 575 592 601 608 611 612 618 621 625 648 664 670 671 677 692 713 716 718 720 747 748 783
188 15 3 625 628 669
189 16 25 434 571 573 574 606 615 621 622 630 633 634 653 661 664 665 674 676 677 692 694 697 703 710 715 779
189 19 44 1008 1010 1040 1075 434 571 573 574 575 592 601 608 615 618 621 622 624 625 631 635 643 648 653 662 664 669 671 674 682 694 710 715 717 730 736 757 769 778 784 788 807 822 869 908
189 17 37 363 420 434 569 571 574 601 606 608 612 621 622 624 625 631 642 648 649 651 652 664 669 670 671 677 679 694 697 699 713 731 733 896 904 913 953 954
189 18 47 508 571 575 591 592 601 606 608 611 621 622 624 625 631 632 637 648 649 662 664 669 670 674 677 682 692 694 697 699 710 714 715 736 757 763 766 788 807 822 838 850 852 870 879 908 943 983
189 15 5 575 621 669 674 713
190 18 32 420 434 569 571 573 574 575 590 592 608 611 612 621 622 625 632 644 648 652 653 662 664 666 677 711 713 715 736 756 788 916 991
190 19 38 1070 568 569 570 571 573 574 575 592 597 601 630 631 637 642 648 653 658 662 664 667 674 676 677 682 697 703 707 728 731 733 758 788 802 807 848 852 916
190 16 20 140 568 571 608 611 618 621 622 625 628 634 637 642 646 648 649 662 674 802 872
190 17 33 508 568 571 573 574 578 592 597 601 605 608 611 615 621 622 625 632 649 653 671 677 681 682 692 745 758 799 830 872 908 939 944 971
190 15 1 571
191 18 30 420 569 571 573 574 592 601 612 621 624 625 631 632 640 642 648 661 662 664 669 674 682 694 697 699 716 718 824 884 982
191 17 34 147 472 568 571 592 601 608 612 622 624 625 642 648 652 653 663 664 669 670 677 682 683 694 708 715 716 754 788 789 852 870 910 932 935
191 16 34 472 568 571 575 587 602 608 611 612 615 618 622 642 644 648 649 650 654 662 663 664 667 669 670 674 677 697 702 716 717 739 747 788 864
191 19 43 1034 1040 1059 1096 420 472 571 573 574 575 597 601 608 621 625 631 648 651 662 663 664 669 674 677 692 694 699 710 717 722 731 757 762 794 872 884 888 908 912 916 925 934 948
191 15 2 612 622
192 17 30 508 571 574 591 592 608 612 617 621 624 625 632 636 648 649 663 664 669 670 671 674 677 679 708 710 714 715 776 949 950
192 18 30 571 573 574 592 594 601 612 621 622 624 625 648 662 663 664 666 669 677 683 698 757 762 766 777 778 784 788 823 888 980
192 19 38 1005 420 508 558 568 571 573 574 575 592 601 612 622 625 630 635 640 648 649 650 654 662 664 671 679 682 697 703 706 710 713 720 726 757 762 908 916 962
192 16 26 420 571 587 595 601 622 624 634 643 648 652 662 663 674 676 677 679 688 697 716 796 825 839 843 865 871
192 15 2 568 692
193 19 30 1010 1117 1126 420 434 558 573 574 587 592 597 601 608 612 623 625 631 635 644 648 669 671 674 677 679 696 699 716 755 788
193 17 31 434 508 569 570 571 575 592 601 602 603 608 612 622 625 642 649 652 653 654 670 677 685 694 699 713 714 733 737 745 822 851
193 18 29 420 508 573 574 587 592 608 612 621 622 625 632 644 648 649 662 664 671 674 677 697 713 716 730 736 807 822 830 843
193 16 25 508 568 571 575 587 597 602 606 608 611 612 621 622 624 640 642 650 653 658 670 677 716 720 771 810
195 18 36 1006 420 427 571 573 574 575 578 591 595 608 611 612 614 622 625 631 637 644 649 663 669 670 674 677 692 704 720 747 766 841 875 888 912 916 966
195 19 37 1075 1137 1156 420 427 573 574 587 592 601 606 611 617 622 625 640 648 652 658 661 662 664 669 674 679 682 703 723 736 753 762 771 775 854 890 908 916
195 17 28 571 573 574 578 608 612 614 615 617 622 624 625 631 632 637 648 649 662 666 670 671 673 677 682 697 715 720 925
195 16 32 140 255 420 571 601 603 606 608 611 612 614 617 618 622 624 625 642 646 652 658 661 663 667 670 674 677 697 699 750 752 777 843
214 19 33 1040 1042 1054 140 420 508 569 570 571 575 587 601 606 621 632 640 642 643 652 653 656 661 663 674 677 682 686 697 699 714 736 823 935
214 18 12 1021 601 631 632 677 680 685 699 771 825 954 994
215 18 15 575 606 618 621 625 633 643 662 663 677 682 770 792 825 925
215 19 33 1040 1049 1143 1165 420 427 508 568 571 575 597 617 621 625 640 642 648 653 656 661 662 669 677 682 683 692 703 710 753 775 916 948 983
218 19 30 101 103 1033 105 113 114 1155 124 126 134 139 143 148 153 155 157 158 164 180 182 211 213 215 225 270 274 352 446 456 769
219 19 25 1034 1143 140 255 420 434 571 575 597 608 611 617 625 632 640 661 662 664 670 677 681 769 778 812 849
219 18 22 1015 140 147 420 575 606 614 624 625 637 640 642 662 664 669 670 677 682 707 748 769 799
220 19 30 1040 331 420 508 571 575 597 601 606 608 621 622 628 635 648 653 657 661 662 664 674 677 699 710 736 753 778 792 799 994
220 18 22 508 571 575 601 606 611 612 618 621 632 634 642 651 652 658 671 692 748 753 778 848 849
221 19 30 1047 1157 1165 140 420 508 568 569 573 574 592 597 601 614 621 623 631 635 640 642 653 670 674 679 692 703 710 771 773 916
221 18 5 614 674 677 736 825
222 19 24 1010 1149 420 573 574 595 597 601 605 611 625 635 649 653 661 663 677 682 703 710 802 869 939 994
222 18 13 1026 575 578 612 614 621 624 642 643 671 692 713 809
223 19 20 1107 140 420 558 571 597 614 621 630 632 635 664 699 710 775 782 802 878 983 994
223 18 5 605 622 679 699 799
224 19 34 1010 1040 1054 1134 140 255 420 508 558 568 575 584 597 612 621 632 635 636 652 653 662 669 670 677 692 696 710 714 717 812 825 838 933 964
225 19 26 1026 1034 1089 1165 420 508 587 597 606 614 621 642 662 664 669 670 676 677 699 710 712 817 825 869 890 983
225 18 3 508 736 836
226 19 28 1037 1069 1082 420 508 587 601 614 618 631 632 642 653 664 669 671 677 679 683 703 719 771 781 791 803 807 825 930
227 19 32 1027 1040 1114 140 420 508 571 575 587 597 611 614 618 622 625 646 648 661 662 665 666 670 674 677 679 680 703 825 828 878 908 994
228 19 17 1054 1165 420 508 575 578 597 614 642 650 664 669 670 677 699 752 838
229 19 32 101 102 103 1033 1036 104 105 108 113 115 1155 119 127 131 132 134 143 148 153 155 157 166 188 194 200 203 211 225 270 284 359 769
