1 14 20 101 103 104 113 114 123 129 133 143 153 157 166 203 257 270 301 321 324 352 359
1 17 14 101 103 113 123 125 129 132 143 149 188 221 231 317 397
1 19 21 101 102 103 1036 113 115 123 126 131 134 143 148 155 157 200 203 225 256 270 359 921
1 18 25 101 103 108 113 114 119 123 125 126 129 138 143 148 166 180 189 200 203 206 209 225 231 270 293 367
1 16 21 101 103 104 113 123 125 129 130 148 153 157 165 166 194 201 210 270 310 398 402 446
1 13 5 101 104 111 114 270
1 15 16 101 103 104 111 113 123 126 149 153 157 164 188 211 213 260 353
4 19 21 101 102 1036 104 1045 111 113 114 123 125 133 134 143 153 157 165 189 200 203 256 871
5 19 23 101 102 103 1033 1045 111 113 119 123 126 143 153 158 165 181 200 203 206 211 256 301 359 871
17 19 22 101 1036 104 1045 105 113 115 123 126 129 143 148 153 165 166 188 200 220 229 256 312 326
20 19 25 101 102 103 111 126 130 133 142 143 148 153 164 166 188 194 201 203 209 225 256 261 317 326 769 927
22 19 28 101 102 103 104 1045 1076 113 114 123 130 132 134 135 143 148 165 180 188 189 200 203 225 270 274 295 317 340 359
23 19 13 101 103 105 1058 113 114 115 126 134 143 148 203 293
24 18 1 1036
24 19 36 101 103 1036 104 1043 1045 1051 1061 111 113 114 123 125 126 132 134 143 148 149 166 174 181 189 203 211 212 220 225 231 264 270 295 310 446 491 769
25 19 25 101 102 103 1036 1061 111 113 119 123 126 143 148 149 153 166 188 189 201 204 214 340 359 376 446 921
25 18 6 101 1036 113 123 143 200
26 15 17 101 102 104 113 123 126 130 143 157 164 165 194 203 211 225 276 436
26 16 19 101 103 104 113 114 123 125 148 153 165 167 189 200 209 211 231 256 270 317
26 17 28 101 102 104 108 111 113 114 118 123 125 129 148 165 166 167 174 182 188 194 206 210 214 231 268 270 280 323 921
26 14 22 101 103 104 111 113 114 118 119 123 129 132 134 164 165 166 175 186 189 212 214 348 504
26 19 23 101 102 103 105 1061 111 113 114 123 129 143 153 194 200 203 216 225 231 239 256 270 367 871
26 12 16 101 104 111 113 123 126 129 134 135 148 157 200 284 340 402 453
26 13 20 101 103 104 106 111 113 115 118 123 153 166 203 210 215 239 270 305 314 324 479
26 18 26 101 102 111 113 114 118 123 125 126 134 148 153 163 165 200 203 211 212 214 215 220 270 293 340 446 501
27 16 25 101 102 104 113 114 123 134 148 149 158 165 166 167 188 189 200 201 211 220 254 255 276 277 295 310
27 15 19 101 102 103 104 113 114 123 129 132 138 148 153 165 181 189 203 209 211 284
27 18 24 101 102 104 111 113 114 123 125 126 129 132 143 148 157 165 166 188 189 201 203 206 258 326 367
27 14 25 101 102 103 104 108 111 113 114 123 125 126 129 132 149 153 158 165 166 188 189 225 277 284 340 366
27 17 15 101 104 111 113 123 125 129 134 148 153 174 189 212 270 303
27 19 23 101 102 103 1036 104 1045 111 113 123 125 134 143 148 165 188 200 203 213 225 231 256 270 311
27 13 5 101 104 114 123 162
28 12 33 101 102 103 104 113 114 123 125 127 129 130 134 153 165 166 188 189 198 206 211 224 231 232 239 255 281 295 317 324 326 352 382 402
28 15 17 101 104 113 114 123 125 129 132 133 153 165 188 193 200 211 231 277
28 13 24 101 103 104 111 113 116 118 123 129 148 153 157 189 194 195 200 201 203 223 231 270 324 348 359
28 14 20 101 104 111 113 114 123 125 129 164 165 166 189 194 201 203 303 332 333 348 373
28 19 22 101 103 1045 113 123 125 130 134 135 148 153 157 180 189 200 203 256 267 270 359 522 871
28 17 26 101 102 104 111 113 114 118 123 125 149 153 158 165 188 194 200 206 214 225 239 270 284 303 319 352 362
28 18 25 101 102 104 113 115 116 119 123 125 129 148 157 165 174 188 200 209 211 212 214 231 270 272 284 359
28 16 21 101 103 104 108 113 119 123 127 131 132 134 148 153 158 166 203 211 212 223 277 324
29 12 29 101 102 103 104 111 113 119 123 129 132 134 143 148 149 153 158 164 193 206 210 232 266 270 284 295 304 310 326 340
29 13 18 101 104 105 111 113 115 123 129 132 149 153 166 186 231 268 292 373 491
29 15 27 101 103 104 111 113 114 119 123 125 134 138 143 148 164 174 186 188 201 206 213 222 225 270 277 324 359 401
29 14 18 101 102 104 111 113 123 125 149 164 165 175 181 186 189 200 203 240 256
29 16 24 101 102 103 104 111 113 114 119 123 138 148 174 182 189 200 201 211 221 261 276 284 326 437 446
29 17 23 101 104 111 113 114 115 119 123 129 130 138 142 148 157 166 188 189 194 212 214 225 270 397
29 18 19 101 103 104 113 114 123 125 132 148 153 188 203 211 214 231 255 270 326 340
29 19 27 101 103 1036 1045 1061 111 113 119 123 126 130 133 134 143 148 152 153 157 174 189 193 200 210 225 284 309 359
30 15 27 101 102 104 111 113 123 126 129 138 148 153 157 164 165 166 189 192 200 211 212 213 255 270 277 324 348 381
30 12 26 101 104 105 111 113 114 115 116 123 126 129 132 148 153 158 164 165 166 188 192 200 203 209 225 266 324
30 14 22 101 103 104 111 113 115 123 125 129 134 148 153 165 181 186 188 203 208 211 226 324 348
30 13 23 101 104 105 111 113 114 123 126 134 147 148 165 189 200 211 213 220 231 248 255 270 276 422
30 19 30 101 102 103 104 1045 1073 111 113 114 123 125 130 135 143 148 153 166 188 189 201 203 212 214 256 284 309 326 675 769 871
30 17 24 101 102 103 104 113 115 119 123 134 148 157 166 174 182 188 189 211 225 231 255 270 317 367 900
30 18 25 101 103 104 113 114 116 119 123 125 129 130 143 147 159 166 188 189 211 214 221 225 231 272 293 334
30 16 17 101 104 111 113 116 123 125 143 148 153 163 165 174 189 198 276 357
31 19 22 101 102 103 113 119 123 125 134 139 148 153 165 189 193 200 203 220 221 225 295 359 499
32 17 23 101 103 104 106 113 123 125 129 132 148 159 166 198 200 201 209 210 212 224 225 231 359 397
32 18 28 101 103 104 111 113 114 119 123 125 126 134 135 143 148 157 165 166 179 189 211 214 231 256 268 284 293 310 326
32 19 35 101 103 1033 1039 104 1045 1061 1073 111 113 115 119 123 125 130 133 134 143 148 165 188 200 203 206 211 214 216 220 222 239 270 277 376 412 675
32 15 25 101 102 103 104 111 113 134 138 143 148 153 157 166 184 188 192 196 201 203 211 231 247 277 317 480
32 12 23 101 104 113 118 123 130 134 148 153 164 165 179 192 221 239 266 270 310 317 324 366 367 402
32 16 27 101 102 104 111 113 114 123 125 129 143 148 164 165 166 167 174 188 189 209 211 212 223 270 305 314 359 382
32 14 22 101 102 103 104 111 113 114 115 116 123 132 148 153 158 164 165 179 189 210 212 231 500
32 13 23 101 103 104 111 113 116 123 126 148 165 188 189 211 224 324 326 340 348 350 366 382 483 502
33 14 26 101 102 104 108 111 113 123 125 129 143 148 149 150 164 165 188 189 192 193 201 204 278 284 345 348 525
33 16 28 101 104 111 113 114 115 118 123 125 143 148 153 166 174 182 188 189 198 200 201 206 209 270 277 284 309 436 480
33 13 18 101 104 105 111 113 114 115 118 123 126 134 139 166 189 203 225 324 382
33 17 22 101 104 111 113 116 123 125 132 134 143 166 188 189 209 212 213 231 251 255 301 397 406
33 12 41 101 102 111 113 114 115 123 125 126 129 133 135 148 153 174 188 200 201 203 210 211 216 222 223 224 225 239 255 261 265 270 285 294 302 310 317 324 335 365 381 402
33 19 27 101 102 103 104 1045 111 113 119 123 126 130 133 139 148 153 157 188 189 193 200 203 210 212 225 231 239 256
33 15 27 101 102 103 104 105 113 114 120 123 130 132 148 153 165 166 188 189 193 201 203 211 270 281 284 342 344 368
33 18 27 101 102 103 104 108 111 113 119 123 125 126 130 134 138 148 153 157 158 165 188 203 211 214 272 276 326 389
34 14 26 101 103 104 113 114 123 125 126 129 138 153 156 164 165 166 182 186 189 194 201 203 223 310 321 324 348
34 17 15 101 113 116 123 124 125 134 153 188 189 200 206 211 373 921
34 13 23 101 102 103 104 111 113 114 118 119 123 125 134 165 189 200 201 231 255 256 270 324 374 391
34 19 25 101 102 103 1061 111 113 119 125 126 129 133 157 164 174 189 193 201 203 206 207 225 326 359 522 871
34 15 28 101 104 108 111 113 123 125 129 134 135 143 148 149 157 165 181 182 189 209 211 212 213 231 260 270 317 366 377
34 16 15 101 102 113 114 123 148 153 160 188 220 231 270 292 324 400
34 18 37 101 102 104 108 111 113 114 118 119 123 125 126 129 132 134 143 148 149 153 166 174 179 188 189 193 194 200 201 203 212 214 220 253 260 270 293 446
34 12 28 101 104 108 111 113 115 123 125 129 132 134 148 153 157 165 166 180 189 192 193 255 276 317 324 340 376 410 432
35 19 26 101 102 103 1036 104 1061 113 123 125 126 130 133 148 157 159 163 165 167 189 203 206 225 256 274 301 514
35 13 24 101 102 103 104 111 113 114 115 123 129 132 134 165 166 189 200 203 223 231 255 270 324 373 382
35 15 26 101 102 103 104 105 108 111 113 114 116 123 129 132 148 149 158 165 186 188 189 222 255 271 277 305 545
35 17 23 101 102 103 104 111 113 114 123 125 126 132 149 157 166 174 189 203 204 211 213 238 270 376
35 18 22 101 102 103 108 113 123 126 129 143 148 153 157 165 166 174 189 200 203 206 214 270 340
35 16 25 101 103 104 111 113 114 116 123 125 129 132 134 164 165 166 167 174 179 203 209 211 213 225 340 359
35 12 26 101 103 104 111 113 114 115 118 123 125 130 132 148 164 166 188 189 192 203 206 231 246 270 324 397 402
35 14 23 101 103 104 111 113 116 123 132 136 143 150 164 166 188 189 203 229 270 281 303 317 322 509
36 15 24 101 103 104 111 113 114 123 125 129 148 157 164 165 166 179 189 193 194 203 213 214 225 258 324
36 17 19 101 111 113 123 129 139 143 165 166 174 189 194 200 203 212 359 376 450 900
36 12 19 101 105 111 113 114 123 129 132 134 143 148 166 200 204 211 258 270 272 324
36 14 19 101 103 104 111 113 114 119 123 126 129 148 153 166 189 193 201 206 373 528
36 16 21 101 103 104 106 111 113 123 129 153 164 166 174 200 206 220 221 270 275 276 317 406
36 19 29 101 102 1041 1045 105 113 120 123 125 133 134 143 148 153 157 165 166 167 200 201 203 206 207 210 225 256 284 326 555
36 18 21 101 103 104 113 123 125 142 143 148 157 165 166 188 189 194 222 256 270 293 367 373
36 13 20 101 102 104 105 111 113 115 118 123 126 129 132 137 188 189 200 203 215 270 348
37 16 25 101 103 107 108 111 113 114 118 123 125 129 134 143 148 153 174 188 194 211 231 276 277 295 301 402
37 12 35 101 104 113 115 116 123 125 129 132 134 135 138 143 148 153 164 166 181 189 192 193 195 203 210 216 223 239 250 255 270 274 324 376 382 407
37 13 20 101 103 104 114 115 123 129 133 138 143 148 153 157 182 200 203 231 270 284 350
37 14 18 101 104 106 111 113 114 123 127 129 138 157 166 182 189 203 212 317 352
37 17 14 101 104 111 113 114 115 118 123 134 143 165 200 214 231
37 19 24 101 102 103 104 105 111 113 119 123 126 143 153 166 167 200 203 214 225 256 270 272 326 359 522
37 15 25 101 103 104 111 113 114 123 126 129 139 148 149 157 189 193 204 209 220 222 225 270 276 312 317 367
37 18 27 101 103 111 113 125 126 129 132 142 143 157 166 174 182 188 194 200 211 212 240 255 270 284 295 323 359 367
38 17 25 101 103 113 114 119 123 125 132 148 149 153 166 206 207 209 220 231 270 277 280 351 367 376 397 486
38 14 27 101 103 104 111 113 114 123 125 153 164 165 166 179 181 182 188 189 200 201 205 211 255 270 317 324 373 402
38 18 23 101 102 104 111 113 114 119 123 125 126 129 132 134 138 148 153 160 166 174 189 200 214 323
38 12 25 101 102 103 104 111 113 115 123 125 126 129 132 134 157 166 174 181 188 189 210 232 270 340 382 435
38 16 18 101 103 113 114 123 126 132 134 138 148 153 157 163 166 203 212 359 486
38 15 20 101 104 108 111 113 114 123 129 134 148 149 174 189 194 200 203 225 310 386 412
38 13 25 101 103 104 111 113 116 123 125 126 127 132 153 166 167 189 201 203 223 231 248 304 317 324 413 457
38 19 24 101 102 103 104 1051 1058 1061 113 119 123 126 148 164 188 200 203 211 220 301 303 326 368 675 769
39 17 26 101 102 104 111 113 116 123 124 129 132 134 139 149 166 181 188 189 193 200 209 225 239 256 270 369 400
39 13 24 101 104 113 123 125 127 132 148 153 165 166 174 189 201 203 206 213 223 235 248 261 317 324 373
39 15 21 101 104 105 113 114 116 123 132 134 138 148 165 166 179 189 192 201 203 209 277 352
39 16 13 101 102 104 105 111 123 129 143 165 166 189 200 201
39 18 24 101 102 103 104 108 111 113 114 123 125 149 166 174 188 203 206 214 225 226 357 391 397 446 483
39 14 17 101 104 111 113 123 126 132 134 165 166 181 189 203 206 255 256 324
39 19 28 101 102 103 1045 113 123 125 129 130 133 134 148 153 157 165 188 189 200 203 211 214 220 226 261 295 344 446 871
39 12 23 101 106 111 113 115 123 129 130 131 132 134 148 149 158 166 188 203 221 226 231 270 310 330
40 14 18 101 104 111 113 123 126 129 134 148 157 164 189 203 206 214 222 231 270
40 15 31 101 104 105 113 119 123 125 129 130 132 138 148 149 153 157 164 165 174 186 188 189 201 222 225 251 255 260 270 301 310 446
40 19 30 101 102 103 1036 104 1045 113 114 123 126 130 153 164 165 166 174 188 201 203 214 239 256 270 276 295 376 412 437 446 871
40 13 26 101 103 104 106 111 113 115 118 123 125 129 132 133 134 139 148 223 231 239 304 305 310 324 352 390 482
40 18 32 101 103 104 105 108 111 113 114 116 119 123 129 132 143 153 165 166 189 193 200 203 212 220 224 231 255 256 270 272 295 326 367
40 16 22 101 103 104 111 113 123 130 132 143 148 165 166 188 201 209 270 276 284 303 310 385 545
40 12 29 101 103 105 111 113 123 125 129 132 134 136 138 148 149 157 166 174 181 200 204 212 223 231 258 303 326 361 420 460
40 17 28 101 104 111 113 114 123 125 134 138 142 143 153 158 163 165 174 188 189 201 203 211 214 216 225 250 270 277 359
41 13 17 101 104 111 113 114 123 129 132 134 160 188 189 200 239 270 284 478
41 17 19 101 104 108 113 119 123 125 131 148 153 163 166 189 201 203 211 214 270 359
41 18 27 101 102 104 106 111 113 115 120 123 125 148 152 153 165 174 200 201 211 212 214 221 225 270 293 314 446 483
41 12 21 101 103 104 111 113 123 126 143 153 157 165 188 206 207 220 223 231 270 276 295 324
41 16 22 101 103 104 113 123 125 126 129 130 134 143 148 153 186 188 189 201 211 221 352 359 422
41 19 32 101 102 103 1036 1045 113 118 123 126 129 134 143 148 153 165 166 186 189 200 201 225 240 293 317 326 367 432 446 449 480 675 871
41 14 21 101 103 104 113 114 123 129 143 148 153 156 181 189 200 210 213 221 258 276 350 381
41 15 20 101 103 104 105 108 111 113 118 123 126 127 148 149 157 179 192 200 209 211 231
42 15 22 101 103 111 113 114 123 126 132 134 148 149 165 166 189 193 203 211 212 255 277 310 317
42 16 33 101 102 103 104 111 113 114 123 125 126 134 143 148 149 153 164 166 182 188 189 206 211 214 223 231 253 255 270 274 276 284 295 450
42 13 18 101 103 104 111 113 114 115 123 127 148 182 188 194 231 256 270 272 366
42 19 29 101 102 103 1036 104 1043 113 114 123 130 135 143 153 157 200 201 214 216 225 240 256 293 301 303 317 446 499 675 769
42 14 21 101 104 111 113 122 123 126 129 138 149 153 164 181 182 189 192 198 223 321 324 348
42 12 33 101 102 103 104 111 113 114 115 119 123 125 129 130 132 134 148 164 165 166 188 210 218 220 223 229 232 248 276 310 317 324 357 466
42 17 16 101 104 113 123 125 130 143 148 166 188 189 200 209 270 317 489
42 18 26 101 103 104 111 113 123 125 134 135 143 148 149 152 153 157 165 188 189 201 212 216 222 229 270 284 295
43 12 31 101 103 104 113 116 123 125 129 132 134 135 148 157 166 180 181 188 193 200 203 207 212 213 231 258 281 310 324 367 445 457
43 17 26 101 103 105 113 114 123 124 125 129 134 138 148 157 201 203 220 225 256 276 301 317 335 397 422 486 900
43 14 20 101 103 104 108 111 113 114 123 127 129 134 148 149 153 174 186 210 211 310 385
43 15 19 101 103 104 106 111 113 114 123 129 132 148 149 153 165 189 209 225 270 359
43 16 20 101 113 114 129 130 134 148 153 166 188 200 209 212 213 214 219 225 270 310 357
43 18 31 101 103 104 111 113 115 123 125 126 129 134 143 152 159 166 174 188 189 211 214 216 239 255 272 293 301 326 391 397 446 981
43 13 22 101 104 111 113 114 123 126 132 143 148 158 188 189 203 211 223 270 303 324 340 357 373
43 19 25 101 102 103 1033 1045 1061 1067 113 114 123 126 133 134 139 153 157 161 200 212 225 256 310 326 446 769
44 15 24 101 102 103 105 113 123 148 153 165 188 195 196 201 209 211 224 231 270 326 330 344 357 367 393
44 13 21 101 102 103 104 106 111 113 118 120 123 125 127 129 132 188 189 203 215 270 303 324
44 14 22 101 103 104 106 108 113 114 123 129 134 148 153 156 164 165 189 193 203 317 334 343 348
44 18 30 101 102 103 104 113 115 119 123 125 129 143 153 157 163 166 188 189 194 201 203 206 209 220 225 256 278 293 323 397 446
44 12 30 101 104 111 113 118 123 125 133 143 148 157 158 165 166 180 182 189 200 201 231 248 268 270 275 277 317 324 326 345 348
44 17 24 101 104 111 113 114 123 125 126 134 149 153 157 165 166 188 189 194 198 201 214 239 270 326 897
44 19 30 101 103 104 1045 1095 111 113 115 119 129 134 153 157 165 174 181 188 189 203 209 211 214 221 222 284 422 452 675 769 921
44 16 22 101 102 103 113 119 123 125 129 132 165 166 200 206 209 211 214 258 270 276 277 303 326
45 19 26 101 103 104 1045 1061 113 114 123 134 139 142 148 153 163 165 189 200 201 209 214 225 256 270 315 362 871
45 15 26 101 102 103 104 113 114 115 119 123 129 134 149 157 166 184 201 209 211 212 213 220 231 255 270 276 362
45 13 17 101 104 111 113 114 118 123 125 132 135 143 148 153 192 200 223 272
45 12 29 101 103 104 105 111 113 114 115 123 129 130 134 143 148 149 154 164 171 186 189 201 203 213 266 270 276 324 340 369
45 17 17 101 103 111 114 123 125 132 134 148 149 153 157 166 194 201 295 317
45 14 24 101 102 103 104 113 114 115 118 123 134 143 156 157 165 166 189 212 255 270 295 303 376 452 500
45 18 24 101 103 105 111 113 118 123 125 133 134 143 148 153 165 166 188 189 203 214 220 225 270 294 446
45 16 22 101 103 104 106 113 114 123 126 143 148 153 157 188 189 200 201 203 209 211 256 344 359
46 19 24 101 102 103 104 1045 111 113 114 119 125 126 134 135 189 203 206 212 222 225 231 301 309 514 769
46 17 33 101 102 103 105 113 114 118 119 123 125 126 130 134 143 157 166 174 188 200 212 220 221 225 232 270 272 284 310 317 324 359 486 900
46 15 22 101 103 104 113 118 123 126 143 148 153 157 165 166 188 189 193 201 203 211 222 270 317
46 13 28 101 103 104 111 113 114 116 118 119 123 129 132 135 153 158 165 166 189 203 209 213 255 270 324 340 351 366 369
46 12 31 101 103 104 111 113 115 118 119 123 124 125 129 134 148 160 162 165 166 188 189 198 209 215 240 261 270 324 349 391 393 402
46 16 24 101 103 104 113 115 119 123 125 134 143 148 149 163 166 174 180 189 213 231 250 268 270 276 359
46 18 27 101 102 104 113 114 118 119 123 125 143 148 165 166 174 188 200 211 214 216 220 255 261 277 293 303 359 446
46 14 23 101 103 104 113 123 129 148 153 156 157 165 188 189 193 200 201 203 215 234 255 277 324 348
47 13 22 101 103 104 111 113 118 123 125 132 134 143 148 156 165 188 189 194 200 231 270 303 324
47 14 14 101 103 104 111 113 123 125 129 132 166 189 214 231 481
47 19 29 101 102 103 1061 113 123 129 130 132 134 135 143 148 159 166 180 188 189 203 206 214 221 225 226 256 274 284 295 522
47 15 26 101 102 103 104 105 111 113 114 118 123 125 132 143 148 150 153 157 164 165 166 174 201 270 284 317 412
47 12 25 101 104 111 113 114 129 130 134 148 162 165 180 188 189 213 231 276 279 295 302 317 319 324 349 429
47 18 27 101 102 103 104 108 111 113 123 125 132 143 148 153 164 165 166 188 189 200 212 216 220 255 272 274 344 446
47 17 22 101 102 104 111 113 114 119 120 123 125 153 166 174 182 188 189 201 203 209 211 212 277
47 16 27 101 102 104 108 111 113 114 119 123 125 129 134 139 143 148 166 174 188 189 194 203 225 270 352 480 518 537
48 12 24 101 103 104 113 115 123 134 143 148 153 162 165 166 174 189 211 223 261 270 276 324 369 422 454
48 15 20 101 102 104 113 114 118 123 129 134 135 143 148 157 165 166 189 200 201 270 311
48 16 20 101 103 104 113 118 119 122 123 127 130 134 149 153 165 174 201 210 239 270 446
48 19 23 101 102 103 104 1045 1103 111 119 123 126 134 137 143 147 148 188 189 200 203 221 256 301 303
48 14 13 101 104 113 119 123 127 132 148 153 189 231 270 303
48 13 13 101 104 111 113 118 122 123 132 148 200 203 207 223
48 18 27 101 102 104 113 114 123 125 126 129 132 149 153 165 166 188 189 194 198 200 209 212 213 216 220 231 310 446
48 17 17 101 104 111 113 123 125 126 131 134 148 149 165 166 200 270 280 446
49 15 25 101 103 104 111 113 114 123 129 130 134 148 149 153 165 166 189 210 211 212 213 229 270 277 295 467
49 18 25 101 102 104 111 113 114 119 123 125 132 134 135 143 157 166 203 206 214 216 225 256 270 272 362 449
49 14 26 101 104 106 113 114 115 125 130 136 143 148 150 153 164 165 189 193 201 203 210 212 261 270 337 352 528
49 12 27 101 104 111 113 114 115 123 126 129 132 143 153 157 160 188 192 204 206 220 248 255 266 270 272 295 334 422
49 19 17 101 102 103 111 113 129 134 135 148 153 174 188 256 284 310 326 769
49 17 12 101 102 111 113 125 130 138 148 158 166 186 225
49 13 28 101 103 104 111 113 114 115 118 123 125 134 138 148 157 166 203 212 231 239 247 258 267 303 305 324 342 351 489
49 16 17 101 103 113 114 123 125 132 143 153 157 164 165 201 209 211 222 270
50 14 19 101 104 113 114 119 132 138 153 157 164 186 189 206 225 310 334 345 348 357
50 16 20 101 103 104 113 114 123 129 143 148 157 164 166 198 209 213 261 270 276 277 412
50 13 19 101 103 104 106 113 118 123 126 130 132 148 166 189 221 252 255 260 324 472
50 15 18 101 102 103 111 113 123 127 130 134 148 153 157 174 186 189 213 222 251
50 17 30 101 104 111 113 114 123 125 126 129 148 157 160 166 174 188 189 194 209 212 214 231 270 277 301 340 362 382 386 397 924
50 18 24 101 102 103 113 114 115 123 125 126 143 153 165 166 189 203 211 214 220 221 270 293 296 359 927
50 12 26 101 104 106 111 113 114 115 123 129 130 132 148 153 166 189 192 204 209 222 225 295 310 324 340 366 376
50 19 27 101 102 103 104 1043 1045 105 1061 1076 113 114 119 123 126 134 143 164 166 182 188 203 206 209 222 225 256 270
51 12 35 101 103 104 111 113 114 115 116 123 125 126 129 132 148 153 166 180 189 192 199 203 213 215 255 258 270 272 276 277 301 340 345 369 402 437
51 15 21 101 103 104 113 114 118 123 148 153 157 158 165 186 188 189 203 211 232 318 335 359
51 18 28 101 103 104 108 113 114 118 119 123 125 126 129 135 143 148 153 160 189 201 206 213 220 261 270 272 362 382 446
51 16 24 101 102 103 104 106 111 113 114 118 123 153 164 165 166 186 189 213 225 270 276 284 310 314 382
51 13 16 101 104 105 113 123 125 153 165 188 189 195 201 223 338 382 481
51 14 25 101 103 104 111 113 114 123 126 132 149 153 158 164 166 189 206 212 270 281 321 324 352 353 366 397
51 19 30 101 102 1033 1036 104 1045 1061 111 113 123 148 153 157 165 180 189 201 203 211 239 249 255 256 267 326 344 345 359 367 376
51 17 26 101 102 104 111 113 118 123 126 130 134 148 153 159 163 166 189 201 204 216 231 270 284 310 317 319 359
52 19 26 101 102 103 1061 1076 113 114 123 143 148 164 166 167 189 200 203 208 214 225 270 284 295 675 769 871 921
53 12 35 101 104 111 113 114 115 118 123 125 129 132 143 148 157 158 164 165 166 189 203 206 211 213 220 223 224 231 260 272 295 317 324 357 366 382
53 15 20 101 102 104 113 114 115 123 134 148 149 153 157 165 189 203 211 231 270 277 314
53 17 20 101 111 113 115 123 125 132 134 165 166 174 189 200 212 213 231 255 317 397 900
53 19 31 101 102 103 1036 104 1045 111 113 119 123 125 126 129 143 148 153 157 160 188 189 200 203 210 212 225 270 284 295 514 675 769
53 16 21 101 103 104 113 119 123 125 126 129 148 157 164 165 166 174 198 209 213 256 270 382
53 13 30 101 104 114 115 116 118 123 125 126 129 133 153 157 165 188 189 203 223 226 231 284 303 326 343 357 366 454 489 497 500
53 18 22 101 102 103 104 113 114 123 125 126 129 135 143 148 165 167 189 200 211 214 231 270 295
53 14 14 101 104 111 113 123 125 132 140 156 165 255 270 359 373
54 12 25 101 102 104 111 113 123 126 139 153 174 186 188 203 206 211 225 231 270 324 366 367 382 399 429 463
54 16 20 101 103 104 113 115 119 123 126 129 143 148 153 158 165 174 182 200 201 270 276
54 15 29 101 104 111 113 115 122 123 125 130 148 158 160 164 166 188 189 201 203 215 220 256 260 284 311 326 327 340 348 359
54 17 26 101 102 104 111 113 114 123 125 134 135 138 149 153 158 165 166 198 200 201 206 214 255 291 319 386 457
54 19 30 101 102 103 104 1045 111 113 115 123 126 130 133 143 148 153 157 165 166 189 200 203 214 258 270 293 323 326 359 390 871
54 13 24 101 103 104 113 114 115 118 123 129 160 166 200 206 210 231 240 248 270 272 277 303 324 332 366
54 14 20 101 103 104 111 113 114 115 126 129 164 166 189 211 212 213 220 276 324 348 446
54 18 28 101 102 104 111 113 114 119 123 125 129 130 132 134 148 157 165 166 174 189 200 203 214 225 231 270 276 317 367
55 14 20 101 103 104 111 113 116 123 129 132 138 148 153 189 193 203 231 256 270 348 385
55 16 19 101 103 104 111 113 123 132 143 148 166 182 188 200 203 209 221 270 317 486
55 15 18 101 102 103 104 105 113 114 123 125 129 130 181 189 201 213 223 260 270
55 18 24 101 102 103 104 113 114 123 130 134 143 153 165 166 201 203 206 210 214 220 270 293 340 351 489
55 13 22 101 103 104 105 107 111 113 118 123 125 143 148 188 189 192 201 203 213 303 324 348 496
55 12 25 101 103 104 111 113 114 115 123 132 150 153 166 188 201 203 211 213 223 255 275 317 324 340 345 352
55 17 27 101 103 104 111 113 114 123 125 129 130 134 143 148 165 166 182 189 194 211 212 220 255 270 277 303 362 366
55 19 20 101 102 103 1061 1076 113 123 148 157 165 167 174 200 201 203 221 255 256 270 359
