1 17 11 553 556 566 577 583 588 596 604 620 641 895
1 15 8 547 554 558 565 576 580 588 589
1 18 9 556 565 567 583 585 588 593 626 641
1 16 8 553 554 565 589 596 598 620 790
1 19 10 1050 553 556 563 567 583 588 596 604 844
2 16 7 487 552 556 563 564 577 588
2 15 12 547 550 552 554 557 561 563 565 585 588 593 626
2 19 9 1048 1074 1097 549 588 626 636 641 844
2 17 14 425 547 553 554 556 558 565 577 581 583 585 586 596 626
2 18 7 548 553 554 556 557 585 641
3 17 17 548 549 550 551 553 554 556 567 577 580 583 585 588 593 596 641 893
3 19 13 1050 1086 554 556 557 565 585 588 598 626 641 695 915
3 18 17 487 551 554 556 558 561 563 565 566 577 583 585 588 589 626 641 845
3 16 12 551 553 554 556 558 559 563 566 583 588 589 844
3 15 10 548 552 553 554 563 564 565 567 576 577
4 17 19 552 553 554 556 557 560 563 564 565 577 583 588 589 596 598 620 626 641 915
4 15 4 553 567 588 596
4 19 11 1050 550 553 556 558 585 588 626 636 641 844
4 16 9 425 549 553 554 555 563 588 589 596
4 18 9 548 553 554 560 565 577 588 596 641
5 16 12 425 550 554 556 557 563 576 588 589 593 596 626
5 18 14 425 547 553 556 558 561 563 567 583 586 588 604 641 765
5 15 7 487 549 551 554 567 577 599
5 17 6 556 557 558 567 583 641
5 19 7 1053 1080 549 554 557 585 915
6 17 9 551 553 556 557 564 577 589 598 641
6 19 13 1053 1074 548 549 554 558 563 567 588 641 844 915 920
6 18 11 550 552 553 556 558 561 565 577 583 641 790
6 15 5 550 553 554 556 576
6 16 8 425 548 551 553 554 564 565 589
7 17 11 548 551 553 554 559 576 596 604 626 641 920
7 16 11 551 552 554 556 564 565 567 577 588 589 844
7 19 10 547 556 564 565 585 588 593 596 626 844
7 18 13 548 553 554 557 558 563 577 585 588 589 596 626 641
7 15 6 425 548 551 554 558 580
8 18 9 547 550 552 553 554 556 565 577 588
8 17 14 551 553 554 555 556 558 565 577 583 585 588 589 596 641
8 16 7 547 554 557 563 583 588 589
8 19 14 1071 1074 1080 1101 550 554 556 565 566 576 585 589 596 641
8 15 6 553 554 556 561 563 566
9 18 11 547 551 554 556 563 565 576 588 596 626 641
9 17 16 549 551 553 554 556 560 563 567 576 577 580 583 585 641 844 845
9 16 3 554 565 583
9 19 11 1050 1071 556 558 559 560 561 565 588 641 845
9 15 6 549 555 557 563 565 583
10 18 9 551 557 563 567 577 588 589 593 641
10 19 11 1053 553 555 559 563 567 588 593 636 641 844
10 16 11 425 487 551 553 556 565 583 585 588 596 641
10 17 12 425 550 551 553 554 556 557 558 577 580 593 596
10 15 7 425 553 554 556 559 560 589
11 17 12 548 551 552 553 554 567 577 585 588 626 641 831
11 19 16 1050 548 549 554 556 558 563 566 585 588 589 598 626 695 844 920
11 15 4 554 557 561 577
11 16 7 564 565 567 577 588 765 837
11 18 12 553 556 558 563 565 567 583 585 588 604 626 641
12 18 8 551 552 554 556 565 577 585 641
12 19 8 1050 1074 556 563 577 588 636 641
12 15 7 554 556 560 563 567 626 641
12 17 12 425 548 550 553 554 556 558 565 583 593 641 765
12 16 7 549 553 563 564 565 567 593
13 19 12 1048 1050 549 551 554 555 557 565 577 585 588 641
13 17 10 553 556 557 563 583 588 598 626 845 895
13 18 13 553 554 556 558 565 577 583 585 588 598 641 790 844
13 16 7 553 554 565 588 589 596 844
13 15 5 425 487 553 554 560
14 18 11 553 556 561 565 581 585 588 596 626 837 893
14 16 8 425 551 554 557 564 583 588 596
14 17 9 551 553 554 556 560 576 577 588 915
14 15 7 551 552 554 556 558 563 588
14 19 13 1080 551 555 557 558 577 583 585 604 626 641 915 920
15 17 13 549 551 553 556 557 558 565 577 583 588 626 641 765
15 15 9 425 556 561 563 588 589 596 620 626
15 18 12 553 554 556 561 563 565 567 577 585 596 607 641
15 19 16 1071 1074 1080 548 551 553 554 556 557 558 560 565 585 588 844 847
15 16 13 549 550 553 554 557 559 563 580 583 588 604 837 845
21 19 15 1006 1008 1038 1050 1057 1080 549 550 551 553 565 593 596 626 641
21 17 11 550 553 554 556 565 583 585 588 589 626 765
21 18 18 548 551 553 554 556 558 561 565 567 576 577 585 588 589 596 626 641 844
21 15 3 547 563 588
21 16 7 553 558 564 565 576 577 588
28 19 12 1006 1074 1080 547 556 560 565 588 598 641 790 844
28 16 5 553 554 565 577 583
28 18 13 551 553 554 556 558 559 563 565 567 577 583 588 641
28 15 7 547 553 554 565 577 588 589
28 17 10 548 553 563 565 577 585 589 598 626 641
34 18 9 550 551 552 565 577 585 589 626 641
34 19 10 1104 556 563 564 565 577 585 588 641 899
34 17 10 553 554 556 565 567 585 586 598 641 845
34 16 6 554 563 565 583 588 596
34 15 4 563 565 585 588
146 18 8 487 552 553 557 563 588 593 604
146 19 7 1053 549 553 554 556 565 901
146 17 1 556
147 17 1 553
147 19 3 549 585 844
147 18 4 556 560 588 598
148 19 6 1086 549 554 558 565 845
148 17 1 577
148 18 3 549 556 596
157 19 7 1081 549 554 558 565 567 577
157 18 6 556 557 561 588 593 604
158 18 3 556 557 915
158 19 6 1053 1104 557 564 565 641
