1 17 17 425 551 552 553 554 556 564 565 581 583 588 589 607 626 641 837 899
1 19 8 1050 552 553 555 557 585 641 915
1 15 5 425 548 556 589 641
1 18 14 550 551 553 554 558 561 565 581 583 585 588 589 620 641
1 16 4 553 554 556 847
2 18 11 549 553 556 576 585 588 589 598 604 641 790
2 17 11 550 551 556 583 585 588 589 641 790 895 899
2 19 14 1048 1050 547 552 554 555 563 585 586 588 589 604 837 844
2 16 4 425 585 588 641
2 15 3 425 549 552
3 15 10 425 487 549 551 554 555 576 577 581 588
3 19 13 1101 554 555 556 557 559 561 577 583 589 620 641 790
3 17 11 487 553 556 564 565 583 585 589 641 837 895
3 18 10 549 552 553 554 557 558 563 585 641 790
3 16 6 425 487 554 583 790 837
8 19 11 1050 487 554 556 586 589 620 641 790 837 895
8 16 8 549 553 559 560 583 585 626 790
8 15 3 547 554 555
8 17 10 551 554 558 559 585 586 588 604 641 844
8 18 7 487 553 554 560 576 583 585
9 19 13 1050 554 556 559 560 563 576 582 588 589 620 641 790
9 18 7 553 555 556 583 588 589 641
9 16 10 425 547 548 554 556 580 583 589 598 626
9 17 10 548 551 553 554 580 581 583 588 589 604
9 15 2 588 604
10 18 9 549 554 556 557 583 585 588 589 620
10 19 15 1050 1057 1074 552 554 555 556 564 565 583 588 641 790 844 899
10 17 6 554 565 566 620 641 837
10 16 6 552 553 557 588 598 837
10 15 2 425 563
11 19 14 1008 1050 549 553 554 556 576 577 596 598 620 790 844 915
11 16 6 551 553 557 583 589 598
11 17 12 550 552 554 556 580 581 583 588 596 598 626 641
11 18 15 1004 551 553 554 556 564 567 577 583 585 589 598 641 790 844
11 15 4 549 554 593 626
12 17 11 425 550 551 553 556 558 563 581 583 598 620
12 19 11 1038 1050 1074 425 548 549 556 557 583 641 790
12 18 12 548 550 553 556 557 563 583 585 588 626 641 837
12 16 6 550 557 583 588 598 626
12 15 4 551 553 554 564
14 18 13 549 551 553 554 556 563 565 567 582 585 588 641 920
14 17 14 549 552 554 556 559 561 577 581 583 586 588 626 641 899
14 19 18 1048 1050 548 549 552 556 563 582 583 588 589 598 620 641 831 844 899 920
14 16 10 550 551 553 556 557 561 581 641 831 837
14 15 2 425 593
15 19 17 1038 1048 1050 1074 553 556 557 564 567 583 588 589 593 620 641 790 844
15 17 14 487 549 551 554 556 565 567 580 581 583 588 596 626 641
15 18 15 425 548 554 556 557 558 563 577 583 588 593 596 641 790 844
15 15 3 547 553 577
15 16 3 549 550 557
16 18 19 487 547 549 553 554 556 563 565 576 583 585 588 589 604 626 641 790 845 895
16 16 5 556 557 565 583 586
16 19 16 1050 1074 554 555 556 561 565 576 583 585 588 596 598 641 844 899
16 17 10 547 548 551 556 563 580 581 583 588 641
16 15 6 557 564 583 586 588 626
18 19 17 1008 1050 1071 487 549 552 553 554 556 557 567 576 585 589 598 641 831
18 18 15 549 551 553 555 556 559 581 583 585 588 589 593 598 641 790
18 15 6 425 547 553 556 576 593
18 17 12 551 553 558 565 576 585 588 589 596 598 641 915
18 16 5 552 556 576 589 598
20 19 25 1038 1048 1050 1074 1128 551 553 554 556 557 564 566 576 577 582 583 585 588 589 593 620 641 790 831 845
20 18 15 549 550 553 556 557 563 576 583 585 586 588 589 598 626 641
20 17 14 548 550 551 554 556 563 567 581 583 585 588 641 895 899
20 16 4 563 583 641 837
20 15 5 553 564 582 599 626
22 19 12 1050 1074 549 554 558 559 563 583 620 790 844 899
22 18 12 549 554 555 556 563 564 566 576 583 588 589 641
22 15 6 547 554 558 563 583 607
22 16 7 547 549 553 563 577 583 596
22 17 12 548 551 553 556 557 561 576 588 589 604 626 899
23 17 10 553 554 557 567 580 583 588 596 598 641
23 19 18 1038 1050 1139 487 550 551 554 555 556 557 558 563 583 588 641 790 893 895
23 18 13 548 553 555 556 557 558 563 583 585 588 589 598 641
23 16 10 425 549 550 551 553 554 556 583 588 620
23 15 2 549 564
24 17 11 549 553 554 556 576 585 588 589 598 641 837
24 19 15 1048 1053 1080 548 553 554 555 559 583 585 589 641 790 845 915
24 15 4 425 550 554 556
24 18 14 425 487 548 549 554 556 558 564 567 583 589 604 641 844
24 16 4 551 553 556 583
25 17 9 548 549 553 554 577 583 588 790 837
25 16 3 553 583 596
25 19 18 1050 1074 487 548 549 552 555 563 583 589 593 596 598 607 626 641 790 844
25 18 10 549 552 553 583 585 588 626 641 790 895
25 15 2 554 576
26 18 11 554 555 556 576 577 582 583 585 588 620 641
26 17 14 487 549 552 553 554 557 565 580 581 583 586 588 589 626
26 19 11 1050 1053 487 549 552 556 563 588 620 641 899
26 15 4 487 555 588 598
26 16 5 553 557 563 577 626
27 19 16 1050 1074 1115 548 553 554 560 563 583 593 596 620 641 844 847 920
27 18 11 549 553 554 556 558 577 583 588 599 641 790
27 17 12 487 547 550 554 565 583 588 596 598 604 641 895
27 16 7 547 551 563 583 598 626 837
27 15 3 553 589 593
28 18 7 550 553 555 567 576 589 641
28 17 6 553 554 567 581 598 641
28 16 6 554 557 567 583 588 598
28 19 23 1008 1038 1053 1074 1080 1104 1128 487 547 551 553 554 556 560 563 567 581 585 588 596 626 831 847
28 15 3 551 554 599
29 18 9 548 554 556 563 566 577 583 588 831
29 16 9 425 553 557 558 561 588 598 626 765
29 19 13 1038 1048 1050 1074 425 550 553 554 558 560 563 577 790
29 17 9 487 549 581 585 586 588 641 837 901
29 15 1 553
30 15 7 548 549 554 563 593 596 604
30 18 11 554 556 581 585 588 589 598 604 626 641 837
30 19 14 1050 1150 425 487 551 553 554 556 557 565 585 588 899 915
30 16 7 554 559 563 581 583 588 599
30 17 5 549 567 583 588 641
31 16 4 553 557 563 589
31 18 8 548 551 553 556 567 581 583 585
31 19 17 1008 1053 1074 1104 425 487 549 551 552 553 559 588 589 641 790 844 899
31 17 8 551 553 585 588 598 607 641 895
31 15 3 553 563 580
32 17 10 549 553 556 580 583 586 626 641 837 899
32 18 13 547 548 549 553 554 556 557 563 581 583 588 596 641
32 19 12 548 552 555 556 559 563 580 588 589 641 844 915
32 15 4 553 554 604 607
32 16 3 549 553 790
38 18 13 548 549 556 558 567 581 585 588 589 598 604 641 920
38 17 14 549 550 553 554 563 564 566 580 583 585 588 598 641 844
38 19 19 1008 1050 1097 548 553 554 556 558 559 561 585 588 589 604 620 626 641 790 831
38 15 1 588
38 16 7 550 556 559 581 583 588 895
39 17 13 553 556 557 563 564 581 585 588 589 598 641 837 893
39 19 21 1050 548 550 553 554 555 561 563 567 577 580 585 589 596 620 626 641 790 844 847 899
39 18 18 548 551 552 554 556 557 563 566 567 576 577 583 585 588 598 641 790 920
39 16 10 425 548 551 553 557 558 576 585 589 620
39 15 3 553 607 626
40 18 10 550 553 556 567 577 583 588 589 604 641
40 17 11 551 552 554 565 567 581 583 588 589 604 626
40 19 12 1008 1050 1101 553 563 576 582 583 641 790 844 920
40 15 4 548 555 565 576
40 16 9 551 553 556 576 583 585 588 598 641
44 17 9 549 551 556 566 581 583 589 641 837
44 16 9 551 553 566 580 583 589 596 598 626
44 19 13 1053 549 552 553 554 565 588 589 620 641 790 831 844
44 18 12 549 552 553 555 556 557 561 565 583 626 641 790
44 15 2 550 577
47 18 15 425 548 549 552 553 554 556 558 561 582 583 585 588 589 641
47 17 9 487 548 553 565 567 585 598 641 837
47 16 6 549 554 577 583 588 626
47 19 17 1050 1074 1097 1101 1146 556 559 577 583 588 589 598 641 790 844 847 915
47 15 2 551 564
49 17 13 548 554 558 559 561 564 577 583 585 586 589 641 837
49 18 10 549 552 554 583 585 588 589 626 641 790
49 19 18 1006 1050 1074 1128 549 554 555 556 557 559 564 577 588 589 620 641 790 844
49 16 5 551 556 561 589 596
49 15 1 550
123 17 8 487 549 554 556 561 583 641 899
123 18 6 487 549 557 558 566 583
123 19 9 1050 551 552 555 557 577 598 790 845
123 16 1 552
124 19 16 1050 1071 1074 547 553 554 555 565 567 577 588 593 598 620 837 844
124 18 7 425 549 553 585 604 790 837
124 17 6 549 552 553 554 585 899
125 19 15 1048 1050 487 549 550 556 585 588 589 593 620 790 844 847 920
125 18 7 547 549 553 556 588 596 641
125 17 12 550 551 553 556 561 620 641 790 831 895 899 901
126 17 6 549 552 561 576 581 604
126 18 8 549 550 556 558 560 585 588 596
126 19 14 1048 1050 1074 550 551 553 554 563 567 585 588 593 598 641
127 18 11 555 561 565 577 585 588 598 620 641 790 844
127 19 10 1008 1048 1050 1088 553 588 598 641 790 831
127 17 8 551 556 563 576 580 588 607 626
127 16 1 563
128 17 12 549 550 552 553 561 565 567 576 588 790 844 899
128 18 8 554 555 561 567 588 589 620 790
128 19 10 1053 1128 554 561 565 566 588 589 641 844
129 17 10 425 487 554 556 565 588 604 641 790 899
129 18 4 425 549 553 576
129 19 7 1074 554 556 580 585 588 596
130 19 9 1050 1115 551 553 583 585 588 593 641
130 17 5 556 563 589 790 899